# Created by Octave 4.4.1, Tue Jan 08 14:39:09 2019 GMT <unknown@OWR>
# name: RealSpike9_128
# type: matrix
# rows: 1
# columns: 128
 -38 -48 -42 -49 -55 -51 -45 -38 -45 -47 -51 -40 -34 -39 -36 -37 -34 -35 -31 -30 -34 -37 -24 -25 -27 -30 -26 -29 -24 -30 -26 -30 -39 -39 -35 -34 -35 -31 -39 -29 -32 -13 4 22 24 24 20 22 18 11 12 14 6 -3 4 2 1 -4 -3 -17 -14 -9 -11 -5 -31 -30 -17 -27 -28 -35 -29 -33 -33 -36 -33 -47 -26 -47 -41 -38 -38 -40 -34 -40 -33 -41 -45 -41 -41 -38 -44 -38 -39 -40 -36 -39 -47 -32 -38 -35 -36 -34 -38 -40 -37 -38 -38 -38 -38 -40 -38 -36 -37 -37 -39 -36 -39 -36 -34 -37 -39 -28 -23 -23 -20 -18 -14 -18


