# Created by Octave 4.4.1, Tue Jan 08 14:41:34 2019 GMT <unknown@OWR>
# name: RealSpike10_128
# type: matrix
# rows: 1
# columns: 128
 46 36 48 43 51 48 43 48 40 40 48 41 54 64 58 60 67 64 83 94 96 81 61 56 54 43 30 34 31 19 23 31 28 16 28 17 14 18 30 21 18 18 20 21 3 25 24 27 22 22 18 25 25 25 30 28 34 31 38 46 47 44 44 50 53 56 55 36 26 17 13 7 -4 -11 -18 -14 -15 -5 -16 -12 -4 -5 -3 6 5 7 5 11 11 11 18 17 19 28 28 23 28 32 36 44 37 41 42 30 33 43 34 36 47 46 53 45 44 43 40 44 52 43 48 52 48 46 48 48 49 43 46 49


