# Created by Octave 4.4.1, Tue Jan 08 14:11:06 2019 GMT <unknown@OWR>
# name: RealSpike2_128
# type: matrix
# rows: 1
# columns: 128
 -54 -56 -56 -59 -63 -65 -63 -63 -53 -57 -57 -58 -51 -52 -51 -48 -46 -47 -50 -51 -56 -57 -50 -58 -56 -62 -61 -59 -70 -40 -44 -34 1 77 120 149 140 118 117 92 82 62 61 35 41 40 23 12 -1 -12 -17 -23 -11 -35 -26 -38 -41 -45 -52 -52 -53 -57 -58 -53 -62 -58 -64 -62 -68 -67 -71 -56 -60 -61 -60 -46 -50 -49 -46 -50 -58 -61 -53 -54 -58 -51 -58 -57 -55 -59 -57 -53 -53 -53 -61 -66 -57 -56 -56 -58 -67 -58 -47 -58 -64 -49 -53 -49 -40 -47 -37 -46 -41 -53 -45 -40 -54 -50 -52 -56 -65 -66 -49 -56 -55 -58 -54 -53


