# Created by Octave 4.4.1, Tue Jan 08 14:37:47 2019 GMT <unknown@OWR>
# name: RealSpike8_128
# type: matrix
# rows: 1
# columns: 128
 -17 -18 -10 -12 -12 -28 -32 -16 -7 31 34 38 42 36 51 35 27 28 15 17 2 -5 -7 -14 -16 -23 -18 -25 -20 -24 -23 -20 -32 -24 -30 -20 -28 -32 -22 -36 -24 -38 -33 -33 -39 -39 -32 -44 -41 -42 -37 -41 -44 -45 -43 -44 -38 -39 -52 -46 -41 -52 -43 -42 -37 -36 -37 -42 -52 -38 -44 -46 -53 -50 -46 -56 -62 -53 -59 -53 -57 -54 -59 -51 -44 -43 -31 -23 33 102 134 157 129 125 120 91 64 63 54 41 37 14 23 10 7 -12 -12 -17 -36 -33 -43 -51 -56 -54 -65 -60 -69 -54 -65 -53 -70 -49 -59 -57 -62 -58 -52 -49


