# Created by Octave 4.4.1, Tue Jan 08 15:42:25 2019 GMT <unknown@OWR>
# name: RealSpike4_128
# type: matrix
# rows: 1
# columns: 128
 -43 -47 -40 -38 -31 -13 -6 8 9 12 -1 10 10 3 1 7 1 -4 3 -3 -11 -9 -11 -16 -14 -17 -16 -22 -44 -26 -25 -28 -35 -47 -32 -46 -41 -48 -35 -45 -52 -44 -47 -49 -51 -46 -51 -55 -52 -57 -50 -46 -37 -48 -40 -48 -52 -41 -49 -44 -48 -47 -47 -37 -42 -40 -40 -42 -44 -47 -43 -45 -49 -43 -43 -31 -23 -33 -34 -38 -34 -35 -38 -40 -47 -43 -44 -44 -61 -53 -52 -56 -59 -60 -67 -65 -69 -71 -61 -65 -44 -39 -33 -26 -15 6 27 40 38 42 38 33 36 41 37 30 22 14 3 -5 6 -8 -8 -12 -21 -11 -25 -36


