# Created by Octave 4.4.1, Tue Jan 08 14:30:19 2019 GMT <unknown@OWR>
# name: RealSpike6_128
# type: matrix
# rows: 1
# columns: 128
 31 32 48 42 34 35 42 42 47 32 38 41 30 26 40 39 31 49 43 34 36 36 39 40 48 45 38 46 46 47 48 48 40 45 43 43 45 42 39 47 42 32 51 40 44 38 48 46 33 46 37 45 37 42 49 38 39 29 38 46 39 49 32 34 25 30 25 37 22 20 30 29 30 25 33 31 32 30 33 30 41 38 40 54 44 51 58 60 64 77 69 68 64 63 61 54 49 46 50 32 47 41 45 44 37 43 32 36 32 25 30 28 27 32 24 26 22 16 12 22 21 18 23 16 18 26 21 27


