# Created by Octave 4.4.1, Tue Jan 08 14:33:50 2019 GMT <unknown@OWR>
# name: RealSpike7_128
# type: matrix
# rows: 1
# columns: 128
 -34 -34 -33 -33 -40 -33 -35 -37 -33 -34 -45 -45 -35 -36 -31 -38 -47 -33 -34 -38 -35 -42 -29 -37 -35 -35 -45 -38 -35 -35 -35 -25 -34 -29 -31 -35 -34 -42 -41 -39 -36 -30 -37 -43 -35 -36 -32 -37 -31 -40 -37 -35 -37 -38 -44 -49 -39 -44 -39 -32 -30 -5 1 28 24 17 26 29 18 7 6 7 12 2 -3 -7 -7 -26 -19 -18 -26 -30 -30 -34 -38 -33 -31 -28 -29 -18 -20 -29 -31 -33 -30 -30 -32 -32 -26 -34 -34 -35 -35 -30 -35 -38 -36 -44 -37 -36 -36 -38 -43 -32 -43 -38 -42 -40 -46 -46 -39 -44 -45 -41 -39 -40 -43 -37


