# Created by Octave 4.4.1, Tue Jan 08 15:38:49 2019 GMT <unknown@OWR>
# name: RealSpike3_128
# type: matrix
# rows: 1
# columns: 128
 26 20 22 24 23 21 33 29 27 24 28 28 30 43 33 33 32 31 28 31 30 30 33 21 20 15 20 18 3 14 19 15 23 21 26 25 29 27 33 30 33 31 32 37 32 29 31 44 40 42 34 34 40 53 52 54 49 47 46 46 42 42 43 44 43 42 41 48 44 36 35 44 38 41 42 47 46 44 45 57 55 53 65 52 71 71 67 66 67 58 60 47 43 37 32 25 26 22 21 24 13 16 11 16 11 8 17 9 8 10 4 15 5 7 14 7 13 10 28 22 12 9 16 18 22 10 14 16


