# Created by Octave 4.4.1, Tue Jan 08 14:16:49 2019 GMT <unknown@OWR>
# name: RealSpike5_128
# type: matrix
# rows: 1
# columns: 128
 38 25 26 38 34 34 33 24 43 38 33 35 30 33 43 36 46 43 41 43 49 40 44 39 43 38 44 46 44 45 45 41 44 52 48 49 41 52 48 50 48 56 45 48 50 58 56 60 67 64 68 72 80 97 79 73 54 48 37 23 19 7 12 5 7 8 10 3 2 5 6 7 17 11 11 5 3 7 7 20 10 16 12 9 18 20 11 10 18 16 22 17 11 13 19 17 27 19 26 32 28 40 29 34 37 35 32 21 23 32 36 33 29 34 31 27 34 35 27 37 31 44 28 31 32 36 25 39


