# Created by Octave 4.4.1, Tue Jan 22 09:53:02 2019 GMT <unknown@OWR>
# name: RSpikes_3
# type: matrix
# rows: 1
# columns: 4096
 -41 -51 -41 -42 -40 -49 -42 -43 -38 -45 -41 -49 -43 -58 -56 -52 -39 -56 -41 -48 -43 -41 -39 -35 -35 -37 -34 -30 -34 -29 -27 -22 -41 -34 -20 -21 -16 -23 -13 -19 -15 -12 -17 -22 -16 -15 -29 -21 -18 -26 -26 -21 -20 -36 -26 -20 -23 -21 -26 -24 -21 -25 -18 -38 -36 -36 -42 -26 -41 -33 -23 -25 -11 1 -9 -21 -20 -21 -24 -24 -14 -15 -21 -9 -21 -18 -20 -15 -19 -16 -15 -16 -20 -15 -27 -20 -25 -24 -30 -31 -38 -25 -33 -27 -30 -32 -38 -35 -43 -40 -37 -34 -46 -36 -37 -37 -37 -40 -32 -39 -41 -36 -38 -37 -38 -30 -35 -38 -48 -42 -49 -55 -51 -45 -38 -45 -47 -51 -40 -34 -39 -36 -37 -34 -35 -31 -30 -34 -37 -24 -25 -27 -30 -26 -29 -24 -30 -26 -30 -39 -39 -35 -34 -35 -31 -39 -29 -32 -13 4 22 24 24 20 22 18 11 12 14 6 -3 4 2 1 -4 -3 -17 -14 -9 -11 -5 -31 -30 -17 -27 -28 -35 -29 -33 -33 -36 -33 -47 -26 -47 -41 -38 -38 -40 -34 -40 -33 -41 -45 -41 -41 -38 -44 -38 -39 -40 -36 -39 -47 -32 -38 -35 -36 -34 -38 -40 -37 -38 -38 -38 -38 -40 -38 -36 -37 -37 -39 -36 -39 -36 -34 -37 -39 -28 -23 -23 -20 -18 -14 -18 -23 -26 -19 -20 -31 -30 -20 -14 -40 -31 -32 -27 -32 -35 -42 -39 -38 -39 -45 -50 -44 -46 -51 -49 -44 -48 -50 -45 -45 -55 -48 -44 -42 -41 -50 -50 -46 -44 -45 -36 -45 -46 -39 -45 -44 -46 -44 -34 -37 -40 -35 -45 -38 -38 -41 -33 -41 -37 -28 -31 -38 -42 -38 -48 -45 -49 -48 -54 -53 -66 -54 -47 -43 -37 -36 -41 -35 -34 -44 -34 -31 -22 -21 -23 -37 -32 -20 -31 -13 -14 -9 6 15 14 4 -1 1 -7 -10 -10 -26 -22 -13 -6 -4 -2 -1 1 -5 -4 -9 -1 -6 -10 -15 -16 -15 -24 -23 -29 -26 -24 -27 -22 -24 -27 -29 -40 -35 -35 -37 -33 -37 -43 -39 -44 -38 -41 -41 -36 -45 -37 -42 -37 -44 -28 -40 -40 -40 -40 -37 -39 -35 -45 -32 -38 -48 -37 -42 -41 -33 -38 -42 -43 -36 -35 -35 -36 -40 -36 -36 -25 -40 -26 -33 -28 -40 -33 -40 -39 -30 -23 -37 -20 -43 -29 -20 -27 -27 -26 -23 -34 -31 -25 -28 -30 -34 -35 -41 -28 -24 -32 -39 -36 -32 -33 -34 -37 -39 -38 -39 -45 -39 -43 -51 -35 -32 -33 -30 -34 -24 -33 -39 -36 -34 -27 -32 -28 -33 -27 -23 -31 -28 -34 -31 -40 -34 -34 -47 -42 -44 -45 -42 -47 -32 -42 -46 -29 -38 -39 -36 -36 -32 -29 -36 -40 -35 -35 -37 -41 -42 -39 -41 -42 -37 -40 -34 -31 -37 -32 -31 -33 -33 -32 -29 -36 -33 -33 -29 -34 -30 -34 -30 -36 -31 -28 -36 -24 -20 -22 -17 -23 -27 -16 -27 -25 -20 -26 -26 -33 -31 -27 -30 -23 -27 -41 -25 -26 -24 -23 -26 -25 -27 -35 -34 -25 -28 -35 -28 -20 -25 -40 -25 -26 -23 -31 -24 -35 -31 -33 -22 -36 -32 -37 -34 -38 -42 -24 -41 -33 -31 -30 -35 -28 -27 -36 -34 -40 -37 -31 -21 -32 -24 -18 -21 -24 -22 -21 -25 -20 -21 -22 -23 -18 -18 -29 -17 -18 -16 -25 -19 -20 -20 -23 -21 -13 -13 -25 -21 -31 -14 -25 -24 -23 -19 -18 -19 -14 -28 -17 -20 -25 -26 -27 -25 -18 -23 -31 -39 -25 -36 -36 -30 -26 -31 -29 -30 -24 -31 -20 -25 -25 -18 -26 -28 -23 -25 -15 -23 -22 -26 -29 -29 -24 -27 -27 -32 -35 -43 -38 -39 -46 -43 -25 -37 -38 -32 -23 -14 -5 4 -1 -2 -2 0 -2 -5 -6 -8 -9 -12 -11 -11 -23 -8 -10 -7 -26 -9 -17 -17 -15 -26 -29 -30 -28 -23 -32 -33 -27 -38 -36 -40 -41 -32 -35 -32 -47 -34 -36 -38 -31 -39 -32 -31 -37 -36 -33 -45 -32 -41 -45 -43 -36 -37 -36 -42 -31 -39 -41 -35 -32 -34 -37 -35 -38 -33 -45 -43 -51 -49 -54 -56 -54 -39 -33 -8 1 5 13 18 22 23 10 2 8 6 9 1 -4 2 -7 -10 -9 -19 -20 -25 -31 -33 -26 -31 -38 -42 -40 -40 -43 -38 -43 -46 -38 -48 -36 -42 -46 -43 -49 -46 -34 -33 -42 -29 -40 -41 -41 -34 -46 -41 -39 -40 -40 -34 -39 -34 -43 -45 -40 -36 -45 -38 -50 -44 -35 -38 -37 -35 -47 -41 -34 -48 -43 -43 -37 -53 -52 -36 -34 -41 -36 -38 -33 -30 -43 -36 -29 -40 -35 -44 -41 -36 -36 -35 -43 -46 -42 -45 -50 -45 -49 -47 -47 -50 -50 -46 -48 -50 -49 -48 -48 -42 -47 -50 -38 -46 -44 -40 -45 -43 -46 -47 -42 -46 -47 -51 -46 -46 -42 -48 -49 -49 -36 -49 -47 -46 -36 -48 -43 -51 -48 -43 -48 -40 -40 -48 -41 -54 -64 -58 -60 -67 -64 -83 -94 -96 -81 -61 -56 -54 -43 -30 -34 -31 -19 -23 -31 -28 -16 -28 -17 -14 -18 -30 -21 -18 -18 -20 -21 -3 -25 -24 -27 -22 -22 -18 -25 -25 -25 -30 -28 -34 -31 -38 -46 -47 -44 -44 -50 -53 -56 -55 -36 -26 -17 -13 -7 4 11 18 14 15 5 16 12 4 5 3 -6 -5 -7 -5 -11 -11 -11 -18 -17 -19 -28 -28 -23 -28 -32 -36 -44 -37 -41 -42 -30 -33 -43 -34 -36 -47 -46 -53 -45 -44 -43 -40 -44 -52 -43 -48 -52 -48 -46 -48 -48 -49 -43 -46 -49 -48 -49 -44 -52 -53 -49 -48 -50 -49 -49 -54 -51 -49 -57 -47 -55 -55 -60 -43 -47 -53 -54 -50 -46 -45 -40 -50 -46 -42 -51 -45 -45 -34 -51 -49 -53 -61 -55 -47 -60 -48 -50 -48 -29 -14 -5 -2 4 3 -3 4 -10 -6 -7 -20 -21 -16 -29 -24 -34 -25 -30 -34 -37 -42 -35 -48 -47 -48 -46 -50 -54 -52 -53 -50 -54 -55 -50 -57 -56 -69 -59 -55 -62 -55 -60 -53 -57 -51 -65 -59 -53 -55 -53 -45 -56 -48 -55 -50 -51 -49 -48 -38 -46 -48 -46 -44 -44 -48 -55 -49 -46 -55 -45 -50 -63 -52 -48 -57 -48 -53 -63 -58 -50 -57 -54 -53 -63 -50 -56 -53 -48 -53 -53 -50 -45 -51 -47 -52 -45 -41 -55 -46 -43 -48 -49 -36 -57 -46 -44 -38 -48 -44 -44 -49 -54 -40 -46 -52 -46 -39 -55 -55 -52 -52 -50 -53 -50 -40 -42 -37 -37 -33 -35 -30 -28 -34 -33 -22 -46 -34 -33 -33 -26 -39 -33 -29 -42 -35 -41 -32 -33 -39 -40 -41 -44 -47 -43 -41 -38 -28 -35 -35 -45 -34 -31 -28 -40 -41 -33 -33 -28 -24 -33 -30 -32 -38 -35 -32 -31 -37 -36 -43 -32 -35 -34 -37 -43 -40 -37 -42 -37 -41 -49 -42 -43 -35 -38 -40 -40 -39 -41 -34 -9 0 -3 -2 -19 -8 -24 -19 -28 -14 -26 -28 -31 -36 -36 -35 -36 -40 -39 -38 -31 -41 -38 -37 -41 -41 -41 -48 -47 -32 -40 -39 -32 -36 -21 -18 -14 -13 -11 -13 -17 -19 -26 -21 -23 -24 -26 -30 -34 -33 -45 -41 -42 -38 -32 -32 -31 -31 -30 -26 -16 -20 -33 -24 -28 -32 -15 -31 -27 -32 -33 -43 -44 -41 -39 -39 -38 -38 -36 -28 -15 9 19 14 20 6 6 12 8 15 11 11 4 7 1 7 4 -3 5 0 -6 -8 -11 -8 -16 -10 -20 -18 -13 -21 -29 -27 -30 -35 -37 -33 -41 -40 -39 -37 -38 -36 -40 -43 -41 -55 -40 -43 -43 -44 -45 -43 -41 -47 -43 -42 -44 -51 -37 -45 -46 -39 -44 -44 -38 -37 -49 -33 -50 -46 -40 -37 -41 -41 -42 -35 -26 -48 -31 -42 -36 -39 -40 -45 -45 -32 -43 -43 -40 -50 -48 -33 -49 -44 -46 -44 -44 -50 -36 -49 -44 -34 -45 -49 -42 -41 -39 -37 -40 -40 -37 -34 -40 -34 -32 -38 -38 -41 -31 -41 -34 -26 -43 -28 -39 -29 -36 -23 -23 -19 -15 -15 -17 -26 -26 -21 -22 -24 -30 -18 -32 -36 -24 -29 -25 -33 -32 -30 -34 -39 -44 -50 -47 -52 -61 -59 -64 -56 -56 -55 -48 -47 -38 -53 -41 -37 -42 -42 -46 -43 -38 -44 -32 -25 -35 -46 -41 -37 -30 -21 -9 2 12 -2 5 9 1 -2 4 2 -3 6 -8 -9 -10 1 -4 -15 -15 -19 -24 -21 -20 -27 -28 -30 -21 -31 -35 -35 -29 -39 -36 -22 -32 -36 -33 -34 -37 -33 -33 -33 -45 -35 -47 -37 -40 -41 -43 -38 -46 -41 -41 -45 -41 -40 -43 -49 -44 -38 -43 -35 -45 -40 -32 -45 -37 -45 -40 -47 -41 -43 -38 -48 -47 -45 -44 -52 -41 -44 -40 -37 -33 -27 -5 -12 -4 -3 -8 -12 -11 1 -7 -17 -26 -21 -23 -25 -34 -27 -27 -33 -24 -39 -34 -44 -38 -33 -41 -38 -43 -38 -42 -34 -50 -41 -37 -47 -37 -40 -34 -44 -49 -50 -52 -52 -49 -62 -54 -45 -56 -59 -63 -59 -61 -51 -51 -49 -47 -44 -54 -46 -40 -44 -46 -41 -46 -46 -55 -49 -49 -44 -34 -45 -39 -36 -37 -32 -27 -47 -37 -46 -44 -43 -44 -47 -50 -45 -49 -39 -48 -52 -49 -49 -58 -57 -55 -54 -40 -56 -55 -44 -49 -53 -52 -59 -53 -65 -58 -56 -58 -55 -53 -50 -52 -58 -58 -55 -56 -54 -53 -51 -58 -53 -52 -57 -47 -53 -46 -51 -55 -63 -63 -59 -57 -60 -67 -62 -67 -65 -57 -53 -53 -53 -46 -36 -44 -41 -39 -42 -46 -44 -48 -44 -37 -35 -37 -39 -39 -34 -30 -25 -30 -38 -19 -31 -35 -36 -36 -25 -36 -30 -28 -42 -34 -35 -38 -45 -31 -46 -37 -38 -39 -35 -40 -40 -43 -42 -45 -45 -45 -41 -42 -38 -36 -37 -42 -38 -42 -47 -42 -47 -42 -47 -42 -38 -42 -49 -42 -41 -45 -40 -51 -48 -48 -52 -49 -55 -43 -56 -51 -43 -45 -41 -48 -44 -37 -55 -51 -39 -43 -47 -50 -42 -43 -62 -56 -56 -48 -54 -65 -39 -14 -10 0 13 3 2 4 -1 -1 -7 -9 -18 -16 -6 -20 -28 -29 -26 -35 -29 -43 -31 -33 -38 -40 -50 -49 -51 -40 -56 -59 -52 -61 -58 -62 -55 -70 -56 -55 -49 -54 -48 -54 -47 -48 -51 -50 -49 -50 -51 -53 -48 -48 -51 -47 -48 -47 -50 -50 -54 -43 -56 -46 -47 -56 -60 -64 -60 -58 -54 -57 -54 -52 -49 -42 -35 -31 -31 -28 -32 -21 -29 -24 -39 -42 -38 -34 -42 -38 -48 -42 -46 -55 -41 -45 -51 -46 -49 -42 -47 -33 -35 -38 -37 -37 -41 -23 -30 -12 -10 -14 -2 -16 -7 -8 -7 -5 -11 -8 -18 -13 -14 -20 -21 -23 -20 -18 -22 -27 -13 -20 -25 -27 -30 -25 -27 -25 -35 -28 -29 -29 -28 -32 -33 -25 -31 -29 -27 -28 -32 -29 -37 -32 -30 -31 -28 -30 -28 -23 