# Created by Octave 4.4.1, Tue Jan 22 09:53:03 2019 GMT <unknown@OWR>
# name: RSpikes_6
# type: matrix
# rows: 1
# columns: 4096
 -30 -26 -28 -27 -27 -30 -34 -31 -36 -26 -30 -35 -27 -31 -33 -33 -31 -31 -33 -38 -37 -39 -35 -41 -36 -39 -41 -35 -38 -37 -37 -30 -26 -32 -38 -31 -39 -39 -25 -37 -32 -31 -44 -28 -34 -42 -38 -44 -46 -34 -37 -31 -20 1 19 14 18 14 9 8 2 9 0 -1 -4 -9 -10 -14 -15 -15 -18 -24 -29 -28 -27 -16 -18 -15 -1 22 18 27 22 19 6 4 -1 -6 -10 -11 -19 -13 -26 -32 -40 -42 -42 -37 -37 -43 -44 -42 -52 -56 -53 -56 -59 -57 -52 -59 -49 -49 -48 -49 -47 -56 -46 -57 -50 -51 -47 -45 -37 -42 -37 -47 -42 -44 -54 -46 -45 -46 -42 -46 -47 -46 -45 -48 -45 -50 -46 -52 -42 -54 -49 -39 -48 -41 -46 -41 -41 -45 -37 -52 -40 -40 -47 -39 -36 -48 -43 -46 -46 -46 -44 -45 -52 -51 -43 -39 -44 -44 -43 -47 -45 -45 -42 -37 -42 -50 -41 -51 -48 -45 -52 -44 -54 -60 -47 -50 -43 -50 -47 -37 -45 -41 -40 -37 -38 -38 -39 -31 -37 -26 -49 -34 -31 -29 -37 -39 -38 -31 -35 -35 -35 -41 -35 -30 -38 -44 -37 -24 -23 -17 -7 -2 2 -13 -13 -4 -13 -24 -17 -29 -25 -12 -17 -26 -29 -22 -26 -32 -27 -34 -40 -30 -39 -41 -33 -44 -39 -40 -39 -45 -35 -41 -41 -46 -47 -44 -38 -38 -44 -42 -44 -44 -43 -31 -43 -38 -43 -41 -41 -35 -38 -41 -46 -39 -35 -41 -36 -37 -40 -34 -37 -39 -47 -38 -40 -42 -41 -43 -47 -48 -27 -40 -34 -35 -38 -35 -35 -38 -36 -46 -39 -40 -40 -36 -46 -40 -40 -46 -43 -31 -52 -44 -44 -41 -36 -38 -42 -51 -38 -45 -43 -55 -51 -44 -51 -44 -53 -47 -48 -47 -46 -47 -43 -44 -46 -45 -49 -36 -38 -47 -41 -48 -50 -47 -42 -43 -44 -43 -36 -39 -39 -41 -44 -37 -44 -55 -42 -51 -47 -47 -45 -36 -41 -34 -51 -45 -51 -46 -43 -48 -41 -46 -46 -45 -38 -45 -46 -50 -44 -47 -47 -39 -31 -39 -34 -31 -39 -33 -26 -31 -40 -40 -30 -31 -36 -30 -41 -41 -43 -51 -48 -52 -50 -50 -61 -52 -64 -54 -56 -58 -57 -52 -49 -46 -46 -54 -51 -50 -48 -49 -44 -42 -52 -38 -49 -45 -50 -48 -37 -41 -32 -39 -40 -21 -37 -28 -25 -38 -31 -43 -35 -33 -39 -38 -28 -23 -22 -23 -32 -32 -35 -28 -34 -36 -42 -47 -38 -40 -35 -34 -30 -34 -31 -31 -39 -37 -35 -33 -28 -33 -34 -42 -31 -32 -42 -39 -43 -29 -34 -37 -41 -36 -34 -34 -43 -37 -37 -33 -48 -35 -38 -46 -44 -40 -46 -44 -36 -33 -38 -39 -40 -32 -44 -32 -28 -29 -28 -32 -34 -35 -42 -34 -34 -32 -41 -38 -38 -27 -41 -42 -38 -39 -40 -34 -36 -41 -39 -41 -40 -38 -43 -40 -30 -32 -27 -32 -24 -23 -21 -27 -23 -29 -28 -29 -30 -28 -24 -33 -32 -25 -34 -29 -32 -31 -34 -36 -40 -37 -42 -41 -43 -47 -58 -53 -54 -55 -50 -50 -55 -59 -54 -64 -51 -49 -61 -45 -51 -52 -55 -55 -52 -54 -49 -54 -49 -49 -46 -50 -36 -45 -48 -47 -39 -47 -36 -27 -45 -26 -29 -29 -33 -33 -31 -24 -31 -30 -24 -24 -34 -24 -32 -28 -20 -21 -29 -19 -22 -38 -23 -29 -26 -32 -33 -27 -26 -28 -23 -28 -25 -36 -35 -28 -38 -46 -33 -32 -39 -42 -28 -40 -38 -33 -48 -39 -42 -44 -40 -41 -40 -50 -42 -34 -48 -37 -35 -45 -42 -48 -44 -44 -36 -39 -28 -41 -35 -32 -37 -44 -35 -39 -25 -39 -34 -37 -29 -18 -21 -15 -6 -1 -4 1 -6 -6 -5 -8 -11 -10 -14 -16 -13 -22 -20 -26 -29 -35 -38 -36 -51 -50 -50 -53 -51 -38 -41 -34 -40 -36 -32 -33 -31 -28 -21 -33 -28 -22 -11 -11 -19 -6 -18 -28 -24 -21 -12 -9 -13 -17 -10 -13 -24 -18 -21 -27 -30 -26 -30 -28 -35 -25 -37 -45 -41 -35 -44 -38 -38 -36 -37 -35 -41 -47 -42 -38 -52 -45 -46 -37 -39 -44 -44 -46 -31 -44 -42 -37 -42 -34 -35 -36 -38 -36 -33 -35 -28 -36 -28 -31 -17 -38 -29 -33 -22 -27 -31 -30 -27 -19 -25 -29 -20 -32 -27 -27 -27 -34 -27 -33 -25 -26 -28 -21 -24 -35 -31 -28 -29 -24 -34 -29 -31 -30 -37 -33 -29 -35 -36 -35 -31 -35 -33 -24 -36 -29 -20 -23 -25 -28 -19 -9 0 -13 -8 -5 -3 -10 -7 0 -3 -11 -20 -18 -13 -23 -20 -22 -21 -16 -19 -23 -21 -33 -37 -35 -31 -27 -27 -34 -31 -35 -27 -36 -42 -33 -25 -30 -36 -29 -37 -39 -43 -39 -42 -40 -47 -42 -43 -48 -54 -51 -53 -55 -53 -55 -50 -52 -39 -53 -50 -40 -44 -44 -43 -35 -29 -41 -40 -30 -35 -27 -26 -34 -35 -32 -35 -32 -33 -26 -27 -38 -28 -32 -30 -31 -33 -30 -23 -26 -24 -20 -26 -24 -18 -9 -11 -6 -15 -15 -14 -11 -11 -24 -15 -12 -14 -21 -21 -13 -28 -20 -21 -27 -21 -24 -22 -23 -28 -26 -33 -21 -29 -32 -37 -30 -29 -29 -29 -26 -26 -19 -28 -24 -25 -27 -25 -32 -22 -22 -25 -34 -28 -24 -28 -30 -11 -22 -20 -16 -33 -36 -29 -22 -19 -32 -25 -26 -26 -35 -38 -28 -27 -27 -23 -25 -23 -19 -28 -19 -23 -25 -22 -30 -22 -32 -26 -31 -33 -37 -26 -39 -34 -34 -25 -27 -27 -33 -28 -22 -39 -31 -34 -33 -33 -32 -31 -36 -36 -36 -46 -40 -43 -39 -43 -37 -32 -41 -42 -37 -36 -40 -32 -40 -41 -34 -47 -35 -28 -33 -22 -5 3 5 9 4 0 -6 -9 -3 -14 -13 -30 -22 -27 -16 -18 -22 -26 -23 -21 -28 -24 -19 -14 -13 -23 -20 -27 -17 -22 -27 -24 -29 -27 -27 -32 -26 -29 -31 -27 -31 -32 -17 -6 -4 -10 2 -4 -7 0 -2 -7 -9 0 -3 -17 -8 -18 -11 -16 -15 -21 -15 -13 -14 -13 -13 -13 -12 -14 -25 -17 -20 -20 -17 -20 -24 -24 -23 -25 -29 -23 -30 -23 -30 -30 -24 -16 -20 -25 -23 -27 -25 -16 -21 -27 -23 -16 -21 -23 -25 -27 -18 -21 -28 -27 -25 -24 -25 -31 -26 -29 -31 -29 -24 -27 -26 -34 -27 -32 -26 -30 -37 -39 -36 -32 -33 -28 -19 -31 -29 -31 -33 -31 -25 -25 -14 -16 -21 -14 -19 -13 -16 -21 -20 -22 -27 -33 -33 -40 -33 -39 -35 -24 -24 -22 7 20 26 33 33 18 26 19 12 14 0 7 0 -12 -15 -13 -19 -19 -24 -26 -29 -33 -31 -34 -40 -45 -48 -47 -55 -53 -61 -62 -60 -52 -63 -59 -50 -51 -39 -55 -42 -39 -43 -38 -35 -39 -35 -26 -37 -35 -41 -26 -28 -31 -32 -27 -39 -27 -40 -36 -29 -36 -35 -30 -34 -37 -28 -27 -27 -29 -18 -23 -28 -26 -17 -40 -32 -34 -38 -37 -44 -36 -42 -43 -42 -42 -49 -46 -42 -46 -45 -49 -47 -50 -47 -46 -38 -27 -34 -35 -26 -26 -26 -22 -24 -31 -23 -21 -21 -23 -20 -19 -11 -10 -4 15 28 35 37 32 26 19 5 7 4 11 -2 -5 -6 -14 -5 -18 -30 -26 -18 -31 -36 -34 -32 -42 -41 -41 -44 -49 -47 -54 -52 -59 -63 -52 -54 -51 -52 -51 -50 -51 -45 -53 -41 -45 -44 -42 -43 -54 -47 -48 -45 -45 -50 -41 -43 -50 -57 -46 -48 -41 -34 -48 -45 -46 -43 -47 -46 -50 -48 -49 -46 -39 -49 -46 -53 -49 -41 -46 -37 -54 -46 -46 -41 -57 -48 -49 -43 -49 -54 -55 -52 -46 -50 -47 -48 -46 -38 -49 -41 -40 -53 -46 -54 -43 -53 -49 -45 -51 -42 -56 -46 -46 -44 -44 -41 -49 -38 -41 -46 -36 -47 -41 -48 -43 -53 -49 -42 -57 -50 -35 -45 -48 -44 -48 -43 -54 -54 -50 -46 -51 -56 -51 -62 -55 -74 -65 -71 -62 -58 -47 -43 -45 -40 -33 -26 -30 -28 -19 -30 -27 -23 -25 -24 -13 -22 -24 -18 -27 -22 -13 -27 -23 -24 -23 -19 -20 -28 -28 -20 -31 -35 -29 -30 -36 -34 -34 -35 -33 -42 -32 -30 -33 -34 -36 -45 -31 -28 -35 -42 -31 -38 -33 -35 -34 -33 -33 -37 -36 -35 -36 -42 -24 -40 -34 -32 -33 -35 -27 -40 -37 -39 -45 -27 -38 -21 -26 -41 -35 -44 -41 -36 -34 -53 -49 -46 -46 -38 -38 -31 -27 -23 -36 -37 -22 -18 -25 -31 -25 -21 -25 -28 -18 -27 -35 -24 -36 -28 -29 -28 -26 -31 -28 -34 -31 -30 -32 -26 -25 -27 -36 -30 -38 -25 -30 -25 -29 -36 -39 -40 -40 -40 -46 -44 -33 -29 -44 -36 -33 -31 -31 -34 -32 -26 -30 -24 -30 -34 -22 -28 -26 -34 -26 -29 -29 -30 -28 -30 -31 -39 -34 -29 -29 -34 -31 -42 -44 -34 -37 -33 -37 -33 -30 -42 -42 -40 -40 -41 -41 -45 -40 -40 -48 -46 -48 -44 -40 -44 -38 -44 -46 -52 -33 -34 -43 -37 -39 -47 -44 -47 -44 -41 -32 -33 -29 -29 -31 -31 -27 -33 -31 -38 -32 -23 -27 -23 -36 -25 -34 -24 -28 -27 -30 -26 -28 -29 -27 -22 -22 -27 -25 -26 -23 -31 -26 -25 -35 -33 -29 -34 -34 -35 -28 -30 -33 -37 -32 -31 -36 -36 -34 -34 -39 -45 -40 -31 -42 -39 -40 -42 -35 -45 -34 -39 -33 -36 -39 -29 -38 -40 -44 -44 -40 -50 -34 -55 -41 -40 -45 -39 -39 -29 -45 -36 -39 -42 -34 -35 -31 -32 -28 -34 -32 -35 -34 -30 -39 -34 -33 -29 -45 -28 -32 -35 -37 -37 -31 -35 -31 -43 -37 -34 -36 -41 -39 -42 -48 -40 -34 -39 -45 -39 -44 -40 -40 -32 -37 -31 -43 -38 -41 -33 -41 -35 -32 -39 -34 -40 -37 -44 -44 -47 -42 -48 -43 -53 -48 -44 -47 -48 -46 -51 -60 -46 -49 -45 -41 -39 -30 -25 -39 -41 -35 -34 -37 -34 -30 -44 -30 -35 -29 -35 -37 -34 -37 -33 -36 -32 -34 -37 -35 -35 -33 -33 -40 -28 -39 -42 -42 -44 -43 -43 -41 -35 -33 -29 -35 -26 -28 -31 -33 -30 -25 -24 -29 -31 -35 -29 -20 -14 -13 -14 -5 -17 -10 -15 -4 -8 -3 -5 0 -8 -13 -4 -6 -12 -15 -5 -14 -9 -10 -9 -10 -13 -16 -12 -13 -14 -26 -30 -32 -25 -26 -19 -8 -12 -12 3 4 21 57 87 90 84 78 72 64 36 36 26 16 5 6 1 12 -12 -14 -12 -20 -22 -18 -27 -22 -31 -32 -27 -14 -6 -21 -14 -19 -22 -20 -31 -33 -36 -43 -42 -39 -40 -42 -30 -45 -37 -40 -49 -42 -42 -49 -41 -41 -43 -50 -52 -48 -43 -44 -52 -50 -42 -37 -42 -38 -39 -33 -40 -45 -33 -28 -33 -37 -38 -43 -48 -46 -60 -58 -60 -49 -36 -48 -11 54 