# Created by Octave 4.4.1, Tue Jan 22 09:53:02 2019 GMT <unknown@OWR>
# name: RSpikes_4
# type: matrix
# rows: 1
# columns: 4096
 -31 -32 -35 -36 -42 -32 -33 -39 -31 -46 -36 -40 -31 -31 -34 -34 -38 -33 -31 -34 -31 -34 -34 -30 -42 -30 -34 -40 -34 -33 -40 -29 -25 -26 -27 -19 -25 -26 -26 -30 -26 -31 -21 -33 -28 -42 -34 -28 -36 -36 -36 -43 -22 -33 -36 -38 -31 -39 -41 -31 -51 -39 -43 -50 -49 -42 -39 -41 -39 -38 -37 -39 -39 -29 -34 -46 -32 -23 -31 -32 -20 -34 -33 -30 -26 -34 -22 -35 -26 -29 -27 -37 -35 -24 -31 -18 -32 -30 -35 -35 -32 -34 -36 -38 -38 -35 -31 -35 -35 -29 -30 -37 -25 -31 -25 -23 -24 -25 -27 -25 -28 -23 -24 -23 -24 -19 -13 -25 -18 -22 -13 -16 -20 -20 -23 -16 -22 -18 -30 -23 -29 -23 -24 -21 -34 -19 -26 -32 -30 -38 -36 -36 -32 -39 -33 -32 -38 -34 -40 -34 -37 -32 -25 -29 -31 -24 -15 -25 -19 -21 -18 -25 -15 -14 -23 -16 -23 -22 -28 -17 -23 -23 -13 -22 -23 -24 -16 -23 -24 -24 -24 -30 -14 -27 -7 -18 -2 -8 -20 -14 -12 -17 -19 -4 -2 -10 -6 -6 -5 -6 -7 -9 -4 -8 -14 -12 -11 -9 -13 -18 -15 -20 -19 -25 -22 -23 -13 -18 -16 -16 -22 -19 -17 -28 -19 -24 -18 -18 -20 -12 -7 1 -6 0 -2 -12 -16 -11 -18 -13 -24 -16 -16 -20 -22 -24 -20 -38 -20 -32 -34 -33 -48 -37 -36 -40 -42 -38 -42 -54 -52 -58 -63 -49 -47 -54 -47 -44 -51 -46 -44 -45 -41 -37 -43 -40 -54 -51 -54 -50 -53 -39 -54 -54 -56 -50 -49 -48 -44 -48 -42 -46 -43 -40 -38 -41 -43 -32 -46 -31 -37 -31 -23 -28 -39 -31 -27 -34 -31 -34 -33 -37 -35 -35 -36 -33 -21 -34 -36 -44 -39 -31 -37 -29 -31 -24 -24 -25 -23 -21 -27 -15 -20 -10 -30 -15 -28 -32 -32 -36 -42 -43 -35 -41 -42 -34 -23 -35 -26 -29 -32 -24 -22 -21 -27 -8 -19 -7 -8 7 20 27 37 33 23 25 23 22 17 24 18 3 13 0 -1 0 -5 -5 -13 -13 -22 -23 -24 -27 -38 -34 -40 -35 -35 -36 -42 -45 -47 -37 -31 -48 -40 -47 -47 -40 -48 -48 -63 -50 -46 -49 -53 -38 -50 -44 -50 -48 -45 -40 -45 -54 -54 -43 -52 -49 -43 -46 -41 -38 -34 -29 -32 -28 -17 -18 -13 -25 -23 -17 -26 -25 -29 -33 -30 -32 -33 -29 -34 -36 -36 -37 -45 -37 -42 -48 -46 -49 -53 -55 -56 -56 -56 -56 -53 -52 -56 -58 -47 -50 -54 -46 -55 -41 -43 -43 -30 -43 -39 -45 -44 -36 -36 -45 -40 -46 -51 -42 -35 -38 -48 -48 -43 -45 -54 -49 -39 -44 -51 -38 -46 -45 -50 -58 -47 -58 -51 -53 -56 -56 -59 -54 -49 -52 -58 -49 -53 -45 -45 -42 -47 -30 -36 -37 -46 -32 -32 -37 -34 -37 -36 -25 -30 -33 -43 -30 -37 -29 -38 -27 -31 -38 -34 -36 -36 -34 -40 -37 -32 -35 -36 -37 -49 -44 -39 -33 -36 -38 -33 -29 -27 -33 -30 -34 -18 -35 -28 -28 -24 -28 -30 -36 -26 -32 -26 -39 -23 -37 -29 -29 -36 -36 -27 -33 -24 -40 -33 -24 -30 -34 -38 -37 -43 -39 -43 -47 -41 -47 -57 -55 -54 -51 -55 -49 -41 -48 -51 -42 -49 -47 -42 -32 -30 -29 -30 -25 -24 -24 -34 -26 -31 -26 -36 -31 -31 -41 -28 -31 -27 -33 -31 -32 -36 -38 -43 -27 -44 -39 -35 -40 -43 -41 -43 -36 -34 -40 -47 -31 -45 -47 -43 -47 -39 -44 -43 -41 -40 -45 -42 -43 -47 -45 -36 -47 -50 -44 -41 -54 -40 -46 -54 -52 -49 -51 -46 -42 -52 -43 -39 -38 -44 -45 -37 -48 -54 -50 -59 -56 -58 -49 -55 -50 -46 -48 -36 -36 -35 -43 -42 -44 -39 -33 -32 -26 -40 -41 -37 -28 -22 -32 -23 -21 5 15 14 5 2 -8 -12 -15 -20 -18 -22 -35 -41 -36 -20 -25 -22 -17 -18 -16 -25 -23 -17 -16 -15 -17 -14 -21 -18 -27 -26 -23 -26 -30 -20 -28 -25 -21 -27 -25 -24 -17 -29 -34 -27 -43 -35 -38 -33 -35 -29 -31 -31 -34 -32 -30 -40 -30 -28 -21 -35 -30 -25 -34 -29 -37 -36 -26 -44 -33 -26 -33 -38 -32 -25 -24 -25 -22 -27 -36 -35 -36 -29 -33 -34 -44 -43 -41 -34 -36 -36 -39 -37 -52 -47 -47 -49 -52 -52 -54 -52 -39 -34 -31 -31 -19 -17 -10 -18 -20 -21 -20 -22 -19 -20 -28 -24 -31 -29 -27 -38 -21 -18 -22 -27 -29 -23 -31 -29 -36 -32 -40 -35 -36 -38 -35 -34 -42 -41 -34 -32 -31 -30 -35 -28 -26 -33 -32 -27 -27 -33 -31 -33 -32 -32 -25 -27 -34 -35 -45 -46 -41 -38 -23 -35 -32 -40 -50 -45 -43 -43 -44 -36 -45 -41 -35 -37 -38 -31 -37 -34 -34 -29 -34 -41 -34 -36 -35 -38 -33 -29 -25 -27 -33 -39 -27 -32 -38 -29 -36 -35 -32 -33 -33 -32 -37 -42 -30 -34 -36 -34 -36 -35 -36 -38 -37 -39 -39 -23 -34 -27 -25 -26 -22 -25 -30 -37 -38 -40 -37 -44 -41 -41 -42 -43 -39 -36 -33 -40 -46 -43 -38 -30 -42 -40 -33 -40 -44 -47 -39 -43 -27 -43 -39 -39 -41 -39 -40 -47 -39 -31 -47 -41 -32 -45 -52 -43 -43 -46 -44 -46 -44 -45 -50 -44 -42 -42 -41 -40 -42 -41 -34 -37 -36 -41 -39 -43 -40 -39 -43 -34 -38 -50 -30 -37 -37 -31 -36 -41 -28 -35 -44 -28 -39 -36 -47 -35 -34 -39 -43 -43 -45 -44 -43 -46 -54 -50 -49 -44 -42 -30 -28 -37 -31 -29 -26 -22 -20 -19 -32 -27 -32 -36 -31 -35 -20 -28 -31 -28 -27 -36 -32 -40 -32 -35 -22 -37 -35 -35 -42 -38 -29 -31 -28 -38 -47 -40 -28 -39 -36 -42 -39 -44 -36 -41 -34 -42 -31 -29 -35 -29 -33 -28 -32 -37 -36 -36 -35 -32 -37 -38 -43 -42 -28 -34 -34 -35 -39 -43 -44 -41 -44 -41 -30 -42 -37 -46 -47 -41 -36 -38 -40 -47 -43 -29 -38 -38 -39 -52 -44 -38 -40 -38 -37 -42 -35 -37 -52 -42 -46 -37 -40 -40 -40 -45 -46 -45 -38 -45 -38 -44 -45 -43 -44 -35 -42 -40 -45 -38 -47 -39 -39 -46 -38 -43 -38 -42 -46 -31 -44 -46 -48 -47 -41 -48 -40 -43 -41 -45 -48 -38 -35 -39 -37 -43 -43 -53 -39 -34 -44 -44 -43 -42 -44 -45 -33 -53 -41 -41 -59 -48 -48 -58 -57 -55 -53 -50 -40 -47 -40 -29 -38 -39 -36 -41 -30 -27 -25 -28 -37 -37 -23 -29 -30 -25 -20 -18 -24 -24 -25 -23 -21 -22 -22 -22 -21 -23 -29 -31 -31 -23 -22 -23 -24 -28 -18 -28 -27 -26 -35 -25 -31 -20 -32 -31 -32 -32 -31 -23 -33 -35 -31 -38 -33 -35 -27 -33 -26 -34 -31 -35 -37 -25 -30 -33 -31 -29 -25 -27 -33 -42 -30 -32 -35 -35 -29 -33 -30 -22 -30 -29 -36 -31 -32 -34 -27 -28 -32 -32 -28 -27 -41 -25 -32 -29 -32 -33 -36 -32 -40 -28 -34 -37 -32 -34 -28 -35 -38 -41 -31 -30 -37 -36 -31 -35 -32 -32 -33 -39 -43 -41 -55 -36 -42 -38 -40 -38 -15 -6 7 22 36 27 23 17 19 20 7 2 -2 -10 -10 -12 -13 -17 -15 -18 -27 -29 -40 -37 -45 -51 -58 -62 -71 -66 -60 -63 -49 -50 -41 -48 -49 -38 -33 -43 -35 -34 -33 -33 -22 -35 -37 -31 -30 -33 -39 -24 -35 -29 -31 -30 -38 -28 -24 -21 -25 -31 -25 -28 -28 -21 -31 -25 -34 -30 -31 -33 -33 -34 -34 -37 -37 -40 -29 -44 -36 -38 -33 -32 -32 -34 -30 -40 -37 -36 -36 -40 -36 -40 -37 -39 -28 -42 -42 -40 -45 -46 -51 -53 -52 -58 -55 -57 -49 -53 -49 -48 -52 -49 -46 -41 -44 -40 -40 -38 -45 -32 -35 -45 -26 -35 -31 -28 -32 -29 -22 -35 -27 -44 -45 -24 -36 -35 -34 -29 -40 -35 -29 -32 -28 -30 -34 -32 -38 -36 -31 -32 -35 -40 -31 -35 -33 -33 -26 -40 -27 -37 -24 -29 -35 -35 -33 -39 -33 -45 -37 -29 -39 -43 -40 -44 -38 -30 -40 -26 -21 -26 -25 -35 -30 -22 -26 -27 -22 -26 -28 -28 -28 -22 -27 -29 -29 -30 -49 -41 -54 -54 -43 -48 -47 -53 -49 -36 -33 -17 -14 -21 -19 -9 -4 -5 -8 -10 -4 -5 -8 -1 -7 -12 -8 -16 -16 -10 -8 -7 -14 -22 -10 -21 -20 -29 -14 -15 -16 -25 -12 -16 -19 -22 -30 -23 -20 -19 -21 -19 -25 -33 -28 -28 -37 -26 -31 -38 -27 -31 -31 -28 -45 -35 -16 -20 -5 -11 -9 -6 -9 -12 -11 -6 -12 -13 -18 -22 -18 -14 -15 -16 -20 -17 -23 -25 -25 -23 -32 -21 -24 -18 -24 -24 -21 -18 -14 -16 -21 -24 -20 -21 -6 -9 -13 -13 -23 -26 -24 -15 -18 -21 -18 -19 -20 -13 -21 -14 -23 -23 -26 -19 -27 -25 -15 -21 -24 -24 -26 -22 -18 -25 -20 -22 -25 -25 -35 -27 -33 -39 -41 -52 -42 -58 -58 -71 -73 -56 -26 -7 17 31 27 35 41 37 39 35 39 35 31 24 24 17 19 14 14 10 5 6 12 5 -5 -1 -10 -15 -18 -21 -14 -27 -20 -22 -20 -12 -14 -19 -24 -25 -22 -24 -25 -22 -27 -31 -23 -29 -26 -26 -32 -25 -21 -17 -25 -21 -29 -20 -25 -28 -36 -33 -31 -37 -37 -40 -43 -48 -51 -53 -46 -45 -50 -45 -48 -33 -50 -42 -42 -37 -35 -43 -32 -41 -34 -30 -33 -32 -36 -31 -17 -36 -28 -29 -32 -26 -27 -29 -28 -26 -23 -24 -19 -30 -18 -24 -26 -24 -26 -18 -25 -23 -24 -23 -20 -20 -25 -21 -22 -27 -26 -21 -21 -28 -34 -28 -20 -30 -26 -21 -36 -28 -33 -31 -25 -29 -33 -28 -35 -36 -36 -37 -35 -34 -35 -34 -32 -33 -31 -39 -32 -33 -32 -24 -36 -28 -31 -32 -35 -30 -34 -40 -40 -40 -40 -47 -45 -42 -46 -41 -41 -43 -35 -39 -32 -34 -36 -26 -32 -41 -32 -40 -38 -54 -49 -61 -61 -71 -56 -40 -31 -16 -13 -11 -10 -10 -6 -7 -13 -18 -21 -9 -8 -11 -15 -13 -15 -21 -21 -15 -28 -25 -25 -26 -36 -29 -29 -39 -35 -32 -24 -32 -32 -35 -34 -28 -39 -47 -42 -41 -46 -44 -43 -46 -38 -46 -58 -59 -53 -46 -47 -50 -45 -46 -49 -42 -52 -48 -36 -41 -38 -32 -37 -31 -37 -32 -32 -20 -20 -19 -21 -23 -19 -17 -17 -25 -16 -18 -20 -19 -18 -27 -23 -23 -24 -28 -29 -29 -34 -31 -30 -28 -32 -30 -32 -32 -19 -30 -12 -22 -11 -11 -20 -16 -17 -31 -25 -28 -33 -28 -38 -32 -22 -12 -11 -13 -19 -18 -19 -21 -12 -14 -13 -7 -11 -20 