# Created by Octave 4.4.1, Tue Jan 22 09:53:03 2019 GMT <unknown@OWR>
# name: RSpikes_8
# type: matrix
# rows: 1
# columns: 4096
 -45 -48 -56 -70 -62 -59 -61 -63 -54 -46 -40 -37 -27 -28 -29 -13 -26 -20 -11 -18 -8 -14 -7 -11 -7 0 -13 -10 -5 0 -7 -6 -7 -9 -4 -6 -6 -10 -9 -13 -11 -13 -24 -30 -18 -18 -15 -24 -13 -18 -24 -14 -21 -23 -31 -20 -19 -26 -22 -17 -20 -23 -17 -24 -30 -22 -25 -23 -15 -26 -22 -16 -30 -27 -18 -21 -27 -31 -21 -21 -25 -26 -25 -30 -14 -20 -26 -23 -22 -21 -23 -21 -20 -28 -20 -20 -15 -22 -23 -25 -18 -14 -12 -7 -9 -16 -9 -16 -21 -23 -32 -27 -21 -29 -26 -23 -30 -26 -39 -30 -30 -22 -34 -21 -31 -32 -26 -26 -29 -23 -34 -28 -39 -29 -29 -18 -28 -18 -28 -34 -23 -24 -27 -28 -23 -35 -24 -32 -25 -31 -32 -26 -19 -33 -35 -30 -35 -31 -33 -23 -30 -30 -33 -27 -35 -26 -31 -30 -31 -21 -17 -21 -15 -10 -23 -28 -25 -29 -24 -15 -27 -20 -21 -25 -26 -25 -34 -26 -25 -24 -29 -27 -24 -30 -25 -25 -29 -38 -30 -38 -29 -24 -30 -32 -31 -26 -27 -36 -38 -32 -37 -35 -32 -37 -36 -37 -27 -33 -27 -33 -37 -32 -34 -36 -26 -39 -31 -35 -27 -28 -35 -40 -36 -39 -35 -31 -38 -37 -42 -42 -39 -39 -32 -39 -34 -39 -38 -37 -36 -33 -36 -41 -35 -32 -33 -32 -32 -27 -30 -29 -26 -23 -29 -25 -24 -22 -28 -16 -30 -20 -14 -25 -19 -20 -23 -21 -22 -19 -27 -20 -23 -26 -28 -23 -24 -34 -22 -25 -21 -18 -21 -21 -17 -18 -18 -21 -19 -24 -24 -18 -24 -26 -25 -25 -27 -30 -34 -36 -34 -36 -32 -32 -35 -27 -37 -28 -31 -31 -22 -30 -31 -26 -33 -33 -32 -24 -29 -42 -36 -24 -27 -27 -27 -31 -28 -32 -34 -31 -30 -26 -23 -34 -23 -30 -31 -37 -36 -26 -33 -33 -37 -32 -34 -40 -41 -35 -37 -35 -35 -34 -40 -34 -37 -32 -24 -22 -28 -31 -35 -36 -44 -39 -46 -53 -64 -56 -52 -59 -52 -45 -49 -40 -40 -44 -32 -44 -23 -34 -31 -26 -29 -33 -23 -21 -25 -27 -15 -23 -16 -17 -15 -11 -18 -13 -6 -10 -28 -11 -15 -14 -6 -19 -17 -17 -23 -26 -29 -31 -38 -27 -29 -34 -38 -29 -38 -38 -34 -30 -35 -32 -27 -31 -38 -32 -32 -32 -40 -30 -24 -30 -22 -26 -11 -23 -21 -24 -26 -17 -21 -18 -12 -20 -12 -13 -26 -17 -15 -18 -23 -13 -16 -18 -16 -6 -6 -11 -8 -2 -6 -5 -13 -19 -25 -23 -23 -23 -22 -21 -10 -10 17 33 42 37 36 33 25 26 20 15 10 7 -1 -1 -4 -9 -15 -18 -26 -27 -40 -41 -42 -37 -41 -39 -39 -39 -37 -39 -44 -37 -34 -38 -36 -38 -37 -48 -33 -40 -28 -43 -37 -31 -30 -37 -33 -30 -35 -37 -40 -36 -39 -36 -38 -45 -37 -40 -37 -37 -39 -39 -35 -40 -32 -45 -40 -36 -44 -39 -39 -46 -42 -49 -49 -59 -57 -47 -48 -58 -56 -61 -56 -54 -65 -49 -54 -55 -47 -39 -50 -45 -40 -32 -41 -39 -43 -36 -49 -41 -33 -27 -20 -23 -22 -17 -16 -18 -25 -15 -11 -14 -21 -19 -22 -23 -21 -25 -9 -24 -9 -21 -11 -17 -20 -20 -19 -23 -22 -20 -20 -24 -22 -21 -32 -18 -24 -26 -25 -27 -26 -26 -25 -31 -28 -33 -34 -18 -35 -27 -26 -28 -20 -35 -31 -41 -30 -21 -29 -30 -33 -37 -26 -24 -30 -41 -28 -19 -39 -32 -29 -22 -27 -31 -38 -35 -28 -32 -39 -40 -33 -26 -33 -38 -43 -37 -39 -39 -36 -36 -36 -35 -41 -36 -40 -39 -45 -38 -24 -19 -4 0 8 0 -5 -3 -8 -6 -12 -11 -17 -23 -20 -17 -16 -19 -29 -18 -23 -24 -30 -28 -29 -26 -22 -34 -30 -38 -38 -33 -30 -32 -34 -34 -26 -35 -44 -35 -34 -29 -35 -28 -37 -40 -35 -35 -33 -42 -40 -38 -27 -38 -38 -41 -39 -32 -45 -41 -43 -53 -54 -47 -47 -40 -50 -39 -41 -43 -40 -36 -45 -31 -37 -39 -32 -32 -26 -23 -34 -29 -29 -22 -24 -17 -24 -16 -16 -29 -26 -38 -30 -23 -14 -13 -13 -9 7 0 4 8 12 3 1 6 12 3 -6 -4 -4 2 -11 -10 3 -7 -3 -3 -11 -14 -7 -25 -23 -24 -24 -33 -13 -17 -27 -21 -25 -16 -25 -19 -20 -19 -16 -11 -27 -17 -22 -21 -14 -22 -21 -20 -18 -15 -18 -29 -22 -27 -23 -21 -20 -28 -25 -26 -24 -26 -25 -29 -40 -39 -30 -20 -28 -32 -19 -39 -26 -25 -29 -40 -30 -20 -29 -37 -31 -35 -31 -22 -31 -40 -32 -36 -31 -29 -34 -37 -44 -31 -40 -30 -29 -28 -26 -34 -19 -13 -19 -22 -11 -18 -18 -14 -22 -21 -25 -27 -23 -15 -18 -18 -27 -24 -27 -33 -25 -25 -33 -32 -30 -35 -31 -30 -26 -23 -29 -15 -17 -17 -12 -8 -10 -2 4 -1 -3 -7 -1 -6 -5 -8 4 3 -12 0 1 -1 -1 0 -5 -5 -9 -8 -14 0 -20 -15 -16 -21 -23 -19 -31 -30 -32 -28 -17 -28 -26 -25 -24 -20 -21 -31 -23 -17 -24 -16 -23 -9 -32 -26 -24 -16 -21 -17 -24 -25 -25 -33 -28 -28 -28 -35 -25 -34 -22 -34 -25 -25 -24 -29 -38 -31 -26 -38 -32 -33 -34 -35 -30 -34 -29 -8 -12 12 33 40 29 30 17 17 17 5 2 -2 -1 -1 -9 -13 -19 -15 -17 -17 -19 -21 -21 -25 -32 -26 -36 -40 -40 -39 -39 -40 -41 -43 -46 -52 -52 -50 -51 -53 -52 -49 -51 -59 -54 -53 -51 -57 -51 -53 -54 -54 -47 -53 -58 -48 -50 -57 -56 -44 -56 -57 -53 -53 -51 -58 -51 -45 -47 -54 -50 -48 -48 -46 -50 -42 -43 -52 -47 -50 -53 -49 -53 -46 -51 -44 -44 -53 -51 -51 -40 -43 -40 -44 -46 -40 -28 -21 -27 -24 -25 -15 -23 -28 -27 -15 -15 -23 -18 -31 -25 -22 -22 -29 -27 -28 -28 -31 -31 -38 -27 -33 -33 -38 -34 -39 -41 -38 -43 -35 -44 -43 -53 -51 -43 -42 -45 -36 -45 -40 -39 -42 -39 -43 -41 -38 -40 -37 -40 -30 -28 -39 -36 -32 -30 -39 -35 -39 -36 -35 -39 -38 -36 -35 -36 -37 -33 -39 -44 -40 -42 -41 -44 -50 -42 -41 -40 -42 -47 -41 -40 -33 -49 -35 -36 -29 -43 -33 -38 -35 -26 -39 -35 -34 -28 -38 -39 -34 -36 -34 -36 -47 -32 -37 -35 -43 -50 -39 -41 -41 -47 -42 -37 -42 -49 -48 -38 -42 -34 -41 -37 -36 -36 -24 -15 3 -1 4 8 -1 0 -11 -14 -22 -17 -24 -20 -24 -31 -38 -37 -44 -39 -44 -46 -45 -44 -47 -49 -52 -50 -56 -56 -47 -59 -59 -52 -55 -59 -56 -49 -55 -56 -56 -55 -53 -60 -51 -51 -58 -49 -45 -55 -49 -52 -52 -42 -48 -56 -50 -47 -52 -42 -44 -41 -41 -48 -48 -54 -48 -47 -48 -51 -48 -48 -45 -48 -35 -45 -49 -28 -37 -17 -17 -4 15 31 30 23 26 11 10 2 3 -3 -12 -16 -19 -20 -28 -28 -31 -39 -22 -42 -47 -56 -48 -53 -54 -56 -65 -63 -68 -73 -58 -57 -65 -58 -65 -60 -60 -64 -57 -48 -42 -49 -52 -38 -49 -46 -47 -41 -38 -47 -46 -48 -44 -39 -44 -35 -45 -48 -44 -38 -43 -42 -41 -41 -49 -34 -37 -35 -41 -51 -46 -51 -46 -49 -50 -56 -54 -44 -50 -47 -44 -40 -52 -45 -45 -40 -36 -41 -29 -33 -30 -29 -29 -24 -28 -24 -34 -29 -27 -27 -31 -24 -19 -23 -21 -21 -27 -21 -25 -26 -29 -31 -29 -32 -16 -35 -34 -34 -33 -29 -34 -18 -17 -11 3 -1 5 0 5 -1 -6 -8 -10 -10 -21 -29 -24 -23 -20 -19 -24 -10 -12 -8 -3 -13 -11 -12 -28 -24 -32 -27 -32 -24 -33 -34 -45 -44 -27 -36 -29 -35 -41 -40 -39 -41 -44 -47 -50 -45 -49 -55 -55 -51 -59 -72 -54 -52 -57 -51 -52 -42 -46 -41 -43 -39 -40 -38 -43 -29 -37 -38 -33 -27 -19 -35 -33 -31 -29 -28 -21 -23 -20 -24 -25 -25 -36 -30 -32 -36 -37 -37 -46 -30 -34 -28 -23 -20 -23 -16 -13 -23 -22 -26 -29 -27 -29 -33 -33 -27 -24 -24 -38 -30 -33 -35 -32 -27 -48 -40 -28 -30 -34 -33 -14 -11 3 -1 10 8 0 15 -3 2 -5 -3 -12 -13 -16 -15 -8 -15 -19 -21 -26 -28 -24 -26 -24 -32 -33 -33 -29 -23 -28 -25 -27 -27 -32 -30 -30 -32 -40 -26 -40 -35 -52 -57 -49 -49 -48 -49 -33 -17 7 8 10 5 2 2 0 -7 -9 -8 -11 -14 -7 -21 -26 -28 -26 -14 -18 -28 -31 -37 -35 -48 -42 -44 -51 -54 -47 -54 -62 -52 -56 -54 -60 -65 -72 -66 -55 -48 -42 -36 -41 -30 -27 -18 -18 -25 -19 -24 -23 -25 -32 -26 -31 -37 -29 -44 -26 -30 -28 -28 -24 -40 -30 -30 -33 -35 -29 -31 -28 -30 -19 -39 -35 -38 -40 -43 -42 -43 -39 -44 -49 -46 -55 -46 -43 -41 -47 -51 -48 -53 -49 -48 -55 -55 -47 -57 -50 -55 -54 -44 -38 -36 -36 -34 -24 -34 -37 -31 -29 -26 -23 -15 -27 -22 -23 -19 -30 -14 -16 -18 -21 -22 -23 -17 -22 -17 -30 -29 -28 -32 -37 -29 -35 -37 -38 -41 -49 -44 -49 -53 -53 -46 -36 -45 -28 -31 -32 -19 -17 -25 -20 -11 -18 -8 -14 -1 -13 -10 -9 -12 -12 -6 -9 -14 -14 -23 -18 -24 -20 -22 -10 9 -1 3 -4 -6 -2 -10 -6 -12 -17 -14 -18 -6 -15 -15 -12 -20 -14 -8 -12 13 19 11 5 10 8 0 -8 -7 -5 -16 -12 -19 -19 -18 -18 -21 -19 -19 -11 -23 -22 -28 -36 -27 -29 -25 -25 -16 -12 -21 -26 -11 -15 -27 -10 -22 -20 -29 -19 -23 -19 -21 -23 -23 -26 -29 -21 -9 -9 0 1 -8 -7 -11 -16 -9 -18 -21 -26 -28 -22 -26 -24 -17 -19 -20 -14 -24 -31 -28 -43 -33 -37 -51 -53 -53 -55 -49 -42 -35 -41 -40 -35 -35 -29 -29 -28 -35 -36 -34 -35 -28 -31 -33 -28 -32 -38 -31 -35 -36 -36 -37 -40 -33 -43 -41 -40 -41 -35 -21 -7 -6 -13 -9 -5 -12 -20 -28 -26 -33 -31 -52 -53 -58 -67 -61 -60 -69 -58 -50 -57 -60 -53 -50 -54 -49 -40 -44 -47 -53 -45 -45 -48 -36 -46 -38 -43 -40 -37 -43 -38 -38 -36 -40 -34 -29 -34 -37 -19 -31 -26 -38 -44 -49 -32 -46 -39 -42 -34 -31 -39 -45 -38 -47 -50 -44 -40 -45 -39 -45 -43 -41 -43 -52 -51 -48 -59 -47 -45 -46 -48 -36 -45 -43 -42 -40 -44 -36 -32 -47 -36 -42 -33 -38 -37 -40 -39 -44 -32 -32 -27 -31 -20 -3 16 34 34 38 25 20 20 6 1 8 2 3 -13 -4 -15 -26 -28 -33 -19 -26 -26 -31 -30 -34 -33 -36 -37 -33 -42 -38 -46 