# Created by Octave 4.4.1, Tue Jan 22 09:53:03 2019 GMT <unknown@OWR>
# name: RSpikes_7
# type: matrix
# rows: 1
# columns: 4096
 -38 -29 -35 -48 -32 -29 -35 -37 -28 -34 -34 -41 -33 -26 -31 -27 -31 -27 -31 -28 -32 -27 -37 -33 -42 -36 -36 -37 -33 -31 -39 -53 -48 -40 -49 -51 -45 -42 -41 -41 -40 -38 -40 -40 -38 -50 -39 -44 -39 -28 -38 -40 -35 -30 -25 -40 -40 -28 -39 -28 -31 -33 -32 -27 -34 -31 -25 -28 -23 -28 -28 -31 -21 -26 -32 -26 -27 -21 -25 -25 -21 -24 -34 -24 -22 -26 -30 -28 -23 -21 -34 -27 -32 -31 -32 -33 -29 -27 -30 -32 -34 -31 -31 -33 -34 -34 -33 -35 -33 -41 -39 -37 -37 -44 -37 -32 -41 -39 -53 -44 -38 -42 -46 -38 -41 -50 -56 -44 -52 -41 -48 -43 -32 -35 -27 -27 -26 -28 -33 -26 -25 -25 -24 -21 -27 -21 -28 -28 -31 -31 -38 -40 -30 -32 -18 -28 -23 -31 -36 -33 -32 -25 -21 -26 -18 -25 -29 -24 -22 -22 -29 -22 -33 -29 -34 -37 -23 -39 -38 -21 -31 -27 -24 -28 -33 -22 -27 -28 -29 -35 -36 -28 -22 -29 -24 -29 -32 -25 -35 -22 -30 -26 -30 -36 -40 -26 -29 -32 -28 -39 -31 -25 -22 -29 -24 -24 -34 -19 -24 -16 -26 -29 -31 -27 -32 -24 -33 -32 -36 -27 -21 -38 -29 -36 -35 -30 -28 -34 -25 -32 -26 -31 -21 -23 -24 -23 -23 -27 -23 -28 -27 -17 -32 -32 -30 -42 -35 -34 -35 -37 -34 -34 -33 -33 -29 -35 -23 -34 -26 -29 -26 -24 -17 -21 -23 -23 -22 -21 -23 -31 -28 -23 -11 -29 -18 -17 -19 -26 -17 -27 -8 -19 -23 -19 -12 -19 -15 -14 -9 -17 -9 -26 -21 -22 -29 -23 -25 -22 -30 -18 -26 -26 -27 -26 -24 -29 -23 -26 -22 -28 -32 -27 -27 -34 -30 -30 -32 -30 -33 -21 -34 -32 -30 -25 -41 -30 -29 -38 -37 -43 -48 -39 -38 -39 -48 -43 -41 -43 -34 -34 -36 -45 -43 -46 -40 -48 -45 -51 -50 -51 -56 -54 -50 -39 -30 -20 -20 -15 -7 -8 -5 -4 -8 -2 1 -6 1 -2 5 3 -5 5 -8 -10 -4 -8 -8 -10 -11 -8 -8 -17 -18 -19 -16 -13 -15 -16 -18 -12 -22 -14 -20 -22 -19 -27 -21 -27 -27 -26 -40 -24 -21 -22 -22 -21 -15 -26 -27 -22 -16 -17 -21 -13 -27 -26 -24 -21 -28 -27 -25 -25 -21 -32 -16 -26 -28 -24 -21 -19 -24 -25 -20 -17 -19 -14 -11 -15 -18 -12 -23 -27 -23 -30 -27 -16 -26 -29 -34 -28 -40 -32 -28 -30 -31 -32 -27 -25 -26 -25 -30 -22 -31 -40 -39 -26 -37 -33 -32 -36 -38 -29 -32 -34 -29 -38 -34 -32 -37 -31 -34 -32 -41 -33 -35 -32 -35 -30 -32 -31 -40 -34 -37 -38 -37 -46 -36 -30 -33 -34 -43 -40 -47 -45 -42 -34 -32 -28 -24 -20 -14 13 39 71 80 72 69 67 51 37 32 23 15 12 7 -10 -8 -21 -18 -22 -30 -32 -37 -46 -41 -48 -39 -59 -49 -54 -56 -59 -58 -70 -60 -50 -57 -59 -54 -54 -69 -56 -66 -54 -64 -62 -57 -60 -51 -62 -52 -57 -55 -59 -55 -58 -50 -52 -63 -64 -54 -57 -56 -66 -57 -56 -57 -59 -56 -60 -54 -51 -61 -59 -60 -61 -68 -64 -58 -64 -61 -55 -52 -63 -57 -54 -57 -55 -50 -45 -44 -50 -48 -53 -39 -40 -46 -49 -48 -43 -54 -51 -50 -55 -55 -43 -47 -42 -37 -44 -34 -42 -41 -39 -34 -37 -19 -23 -31 -19 -34 -26 -29 -32 -25 -25 -24 -23 -24 -22 -27 -22 -23 -34 -28 -24 -27 -28 -22 -30 -29 -23 -26 -32 -35 -32 -40 -43 -35 -44 -36 -34 -44 -43 -44 -43 -46 -34 -32 -39 -31 -45 -35 -43 -29 -30 -29 -25 -27 -26 -26 -21 -25 -21 -13 -24 -14 -20 -27 -30 -26 -25 -18 -14 -19 -16 -17 -13 -14 -27 -17 -17 -31 -18 -20 -17 -26 -26 -22 -19 -20 -25 -28 -26 -23 -23 -25 -24 -13 -16 2 1 -4 4 -5 -14 -4 -10 -14 -11 -15 -17 -17 -20 -23 -21 -19 -20 -31 -27 -22 -29 -35 -27 -40 -37 -40 -43 -39 -38 -37 -43 -51 -38 -43 -46 -51 -51 -51 -47 -40 -44 -47 -39 -43 -48 -47 -33 -42 -47 -46 -43 -43 -41 -40 -37 -37 -41 -39 -29 -31 -38 -36 -38 -32 -38 -30 -29 -34 -26 -42 -36 -36 -33 -28 -44 -41 -41 -40 -39 -43 -39 -49 -44 -39 -28 -19 -23 -7 -5 1 -2 4 -2 -16 -7 -11 -10 -18 -25 -14 -31 -26 -33 -34 -31 -37 -42 -41 -45 -44 -41 -51 -53 -62 -47 -60 -59 -63 -62 -60 -58 -53 -57 -51 -54 -53 -58 -58 -56 -62 -54 -53 -53 -53 -45 -50 -45 -54 -50 -51 -60 -45 -49 -39 -53 -62 -53 -62 -52 -49 -50 -47 -53 -40 -50 -46 -52 -49 -45 -46 -41 -52 -45 -36 -47 -39 -39 -36 -36 -38 -51 -48 -45 -44 -42 -49 -45 -47 -40 -38 -44 -40 -36 -42 -44 -42 -32 -43 -40 -43 -45 -33 -39 -39 -51 -37 -43 -43 -47 -47 -48 -51 -50 -51 -46 -51 -51 -60 -51 -30 -15 6 12 12 15 13 14 18 12 -5 6 -2 5 13 -9 -10 -4 -9 -2 3 1 6 -2 -7 5 -18 -10 -6 -18 -15 -28 -24 -21 -20 -23 -22 -24 -30 -33 -25 -28 -29 -35 -36 -26 -40 -26 -38 -46 -43 -48 -48 -52 -47 -45 -46 -41 -33 -41 -26 -39 -25 -27 -28 -34 -30 -36 -37 -35 -29 -25 -32 -19 -29 -29 -26 -31 -29 -28 -26 -38 -32 -32 -25 -31 -28 -25 -32 -38 -35 -38 -30 -32 -29 -27 -33 -35 -36 -38 -32 -49 -35 -38 -47 -39 -48 -32 -28 -12 -20 -9 -17 -17 -25 -21 -26 -24 -23 -26 -30 -27 -34 -23 -32 -35 -34 -42 -33 -34 -37 -30 -53 -37 -41 -41 -36 -48 -44 -59 -44 -50 -46 -50 -47 -48 -43 -40 -50 -46 -45 -49 -45 -50 -39 -37 -42 -46 -48 -51 -53 -53 -48 -46 -34 -38 -29 -16 -10 -16 -18 -6 -9 -13 -13 -21 -26 -20 -25 -25 -21 -33 -31 -32 -39 -31 -34 -22 -35 -30 -38 -36 -36 -42 -39 -40 -35 -28 -41 -38 -47 -41 -40 -37 -36 -37 -41 -37 -37 -37 -42 -42 -35 -31 -38 -47 -41 -45 -39 -39 -40 -45 -26 -31 -12 -13 -8 -6 -9 -26 -23 -28 -31 -40 -30 -37 -32 -44 -45 -46 -40 -38 -45 -52 -43 -39 -34 -41 -42 -49 -46 -37 -49 -44 -47 -55 -48 -44 -50 -52 -46 -43 -35 -39 -27 -30 -36 -27 -39 -34 -27 -26 -21 -19 -23 -22 -15 -17 -20 -12 -21 -25 -22 -31 -22 -29 -25 -33 -30 -35 -21 -30 -31 -33 -34 -36 -37 -40 -43 -41 -46 -45 -37 -12 -16 -24 -16 -16 -25 -18 -22 -33 -24 -27 -33 -21 -25 -32 -34 -36 -21 -39 -29 -31 -27 -29 -32 -37 -29 -27 -35 -38 -31 -41 -44 -46 -48 -36 -44 -46 -41 -42 -41 -35 -41 -43 -47 -35 -36 -49 -41 -31 -36 -36 -35 -36 -42 -38 -28 -33 -30 -25 -27 -40 -28 -34 -31 -34 -38 -33 -37 -35 -33 -24 -32 -16 -23 -19 -19 -22 -25 -25 -25 -24 -15 0 -7 -8 -21 -13 -15 -14 -26 -21 -24 -16 -5 -2 -4 4 5 -3 1 -6 -4 -1 -6 -10 -13 -20 -23 -12 -10 -20 -26 -29 -30 -18 -38 -23 -29 -34 -33 -29 -34 -22 -43 -36 -38 -46 -30 -39 -26 -33 -29 -33 -46 -42 -41 -47 -40 -41 -40 -39 -40 -38 -33 -35 -22 -21 -26 -15 -30 -20 -25 -19 -19 -14 -23 -29 -21 -26 -26 -28 -31 -25 -36 -33 -29 -29 -21 -9 -15 -25 -17 -18 -9 -7 -20 -15 -25 -20 -22 -17 -20 -16 -20 -18 -24 -26 -26 -24 -29 -28 -25 -31 -37 -35 -31 -22 -29 -26 -32 -33 -36 -45 -43 -49 -48 -45 -50 -51 -48 -46 -41 -33 -35 -26 -29 -30 -30 -27 -32 -21 -15 -9 -22 -26 -28 -19 -22 -31 -23 -28 -33 -34 -35 -33 -35 -30 -32 -33 -30 -29 -36 -32 -34 -31 -44 -36 -36 -43 -31 -45 -48 -44 -61 -51 -53 -46 -48 -48 -44 -45 -46 -46 -33 -47 -39 -44 -26 -38 -34 -45 -40 -34 -36 -44 -35 -37 -37 -37 -36 -30 -36 -41 -37 -37 -38 -43 -41 -32 -37 -49 -40 -35 -37 -47 -42 -37 -36 -36 -36 -43 -38 -41 -41 -36 -44 -43 -39 -46 -39 -40 -39 -46 -43 -40 -44 -46 -47 -36 -38 -48 -39 -36 -35 -38 -42 -38 -45 -46 -40 -44 -39 -46 -36 -37 -33 -37 -42 -38 -49 -36 -37 -37 -37 -43 -33 -35 -32 -39 -42 -40 -28 -33 -33 -29 -37 -33 -27 -30 -30 -30 -29 -31 -35 -35 -29 -25 -31 -34 -33 -35 -36 -37 -39 -23 -38 -42 -38 -39 -40 -46 -42 -41 -37 -49 -34 -45 -37 -45 -46 -42 -54 -44 -45 -44 -45 -49 -55 -43 -52 -50 -53 -45 -41 -38 -46 -50 -46 -47 -41 -44 -48 -48 -44 -52 -46 -45 -50 -45 -47 -48 -54 -30 -25 -27 -26 -32 -24 -20 -22 -26 -21 -25 -15 -26 -29 -29 -29 -29 -32 -26 -32 -22 -28 -20 -26 -25 -18 -19 -27 -29 -20 -21 -23 -10 -29 -28 -28 -19 -24 -24 -32 -30 -26 -35 -38 -36 -32 -36 -22 -37 -27 -36 -30 -34 -36 -33 -41 -28 -32 -34 -43 -33 -42 -52 -32 -28 -44 -35 -40 -39 -46 -45 -41 -44 -42 -40 -45 -43 -42 -43 -35 -50 -46 -45 -38 -40 -40 -38 -48 -33 -40 -42 -43 -39 -41 -43 -41 -37 -40 -47 -46 -42 -32 -40 -35 -33 -24 -17 -30 -24 -27 -26 -31 -31 -33 -35 -34 -33 -34 -20 -24 -20 -18 -21 -25 -23 -32 -27 -29 -29 -33 -41 -38 -39 -40 -49 -49 -48 -34 -52 -56 -59 -53 -53 -50 -58 -55 -52 -47 -34 -24 -14 -15 -14 -16 -20 -19 -25 -21 -27 -34 -29 -36 -32 -30 -28 -32 -32 -42 -38 -36 -41 -41 -40 -50 -41 -50 -57 -52 -70 -65 -61 -56 -55 -57 -49 -60 -48 -58 -55 -60 -58 -65 -64 -49 -54 -55 -56 -57 -53 -51 -57 -52 -50 -55 -42 -47 -56 -49 -52 -56 -49 -48 -47 -44 -55 -54 -49 -56 -52 -53 -56 -52 -56 -48 -63 -55 -63 -59 -52 -54 -53 -56 -54 -55 -52 -50 -48 -48 -43 -49 -53 -42 -45 -52 -44 -43 -38 -41 -44 -33 -43 -35 -42 -49 -40 -33 -31 -38 -39 -43 -37 -38 -46 -42 -46 -44 -48 -48 -46 -47 -57 -39 -60 -58 -40 -49 -45 -46 -38 -38 -31 -33 -30 -30 -34 -23 -26 -34 -39 -46 -43 -49 -47 -50 -45 -50 -44 -34 -35 -35 -34 -36 -24 -37 -40 -41 -37 -37 -39 -43 -47 -43 -46 -47 -54 -50 -43 -49 -52 -55 -52 -49 -53 -50 -54 -59 -51 -60 -65 -59 -59 