# Created by Octave 4.4.1, Tue Jan 22 09:53:02 2019 GMT <unknown@OWR>
# name: RSpikes_1
# type: matrix
# rows: 1
# columns: 4096
 -51 -48 -56 -51 -63 -64 -78 -74 -82 -55 -61 -56 -51 -43 -58 -44 -35 -34 -35 -29 -31 -24 -28 -21 -29 -28 -27 -25 -25 -27 -26 -28 -32 -27 -36 -20 -34 -38 -30 -44 -30 -36 -30 -43 -36 -37 -42 -34 -38 -44 -48 -43 -37 -42 -47 -46 -42 -37 -42 -47 -40 -32 -42 -39 -50 -36 -47 -44 -42 -38 -46 -58 -38 -41 -29 -31 -39 -31 -24 -35 -24 -26 -30 -30 -26 -26 -26 -34 -29 -30 -28 -25 -35 -27 -31 -36 -35 -31 -34 -29 -27 -24 -28 -34 -23 -36 -31 -39 -36 -38 -44 -44 -30 -45 -43 -38 -45 -45 -57 -55 -44 -43 -52 -60 -50 -46 -54 -45 -41 -37 -45 -28 -42 -44 -42 -39 -42 -34 -36 -32 -43 -46 -41 -50 -51 -35 -38 -33 -24 -20 -23 -28 -35 -27 -23 -32 -40 -43 -36 -42 -40 -39 -39 -34 -44 -45 -49 -42 -54 -42 -45 -50 -51 -50 -49 -55 -52 -56 -55 -49 -58 -49 -42 -52 -48 -54 -56 -44 -58 -52 -45 -48 -45 -35 -31 -25 -17 -17 -22 -17 -15 -15 -10 -19 -15 -16 -15 -14 -21 -15 -21 -16 -21 -37 -22 -29 -29 -23 -28 -31 -20 -29 -32 -34 -37 -22 -43 -28 -39 -33 -33 -25 -37 -39 -32 -31 -28 -33 -39 -42 -44 -39 -40 -41 -53 -44 -48 -42 -43 -48 -38 -34 -48 -43 -35 -36 -40 -39 -39 -27 -40 -32 -37 -41 -43 -52 -46 -46 -43 -43 -52 -40 -44 -40 -41 -41 -40 -36 -44 -45 -38 -32 -41 -39 -42 -42 -31 -36 -33 -40 -39 -45 -44 -35 -40 -34 -41 -38 -41 -45 -44 -44 -43 -48 -56 -48 -49 -51 -51 -48 -44 -47 -39 -41 -43 -41 -36 -36 -37 -37 -33 -31 -35 -39 -33 -37 -44 -35 -42 -35 -36 -38 -33 -31 -28 -26 -28 -38 -31 -36 -33 -38 -31 -34 -30 -30 -30 -39 -34 -33 -48 -44 -36 -33 -25 -25 -34 -30 -31 -26 -36 -39 -25 -24 -22 -33 -33 -32 -30 -39 -42 -48 -41 -47 -48 -42 -33 -39 -45 -42 -36 -45 -45 -47 -41 -38 -38 -40 -29 -31 -29 -39 -28 -35 -29 -31 -29 -28 -27 -25 -31 -27 -36 -38 -41 -46 -43 -44 -41 -46 -48 -41 -49 -38 -34 -36 -31 -31 -38 -30 -22 -34 -32 -26 -29 -26 -29 -30 -28 -25 -36 -39 -22 -28 -26 -27 -22 -17 -22 -28 -26 -14 -21 -21 -24 -26 -19 -21 -28 -18 -20 -21 -16 -24 -12 -19 -16 -21 -31 -19 -23 -27 -24 -22 -22 -22 -18 -32 -23 -28 -27 -38 -30 -28 -25 -27 -28 -26 -26 -21 -22 -20 -17 -25 -32 -27 -26 -19 -21 -20 -24 -30 -31 -28 -16 -27 -21 -28 -28 -29 -24 -34 -33 -35 -30 -39 -32 -34 -33 -24 -36 -39 -31 -37 -22 -19 -28 -33 -27 -38 -32 -31 -32 -35 -30 -23 -30 -31 -26 -29 -28 -38 -28 -28 -38 -36 -25 -47 -36 -37 -39 -39 -38 -46 -44 -44 -46 -41 -44 -43 -43 -48 -49 -37 -39 -38 -36 -36 -49 -38 -35 -25 -35 -38 -30 -29 -31 -43 -31 -26 -34 -25 -28 -33 -29 -25 -21 -31 -34 -35 -31 -37 -46 -31 -35 -36 -36 -36 -33 -43 -40 -29 -36 -43 -35 -37 -35 -35 -38 -33 -36 -31 -36 -33 -38 -36 -40 -42 -45 -40 -38 -30 -21 -30 -14 -1 20 62 76 81 80 63 61 48 37 28 14 5 8 12 -7 -7 -5 -19 -28 -20 -31 -19 -41 -45 -46 -37 -49 -50 -55 -52 -52 -61 -56 -62 -52 -36 -32 -34 -25 -33 -35 -36 -43 -50 -48 -56 -57 -59 -58 -64 -67 -61 -63 -55 -59 -64 -53 -61 -44 -62 -47 -53 -54 -49 -53 -59 -53 -56 -49 -60 -31 -46 -50 -52 -47 -48 -51 -43 -52 -50 -49 -48 -40 -45 -46 -51 -38 -47 -49 -44 -43 -45 -37 -44 -43 -44 -36 -38 -45 -37 -43 -36 -42 -42 -43 -41 -43 -45 -43 -43 -44 -41 -42 -45 -42 -45 -42 -44 -48 -44 -42 -43 -35 -44 -41 -36 -40 -40 -49 -40 -38 -41 -46 -46 -48 -42 -46 -40 -41 -46 -42 -46 -42 -39 -41 -50 -39 -34 -47 -50 -55 -57 -52 -43 -48 -34 -29 -22 -23 -24 -20 -25 -21 -23 -21 -28 -21 -31 -29 -34 -42 -33 -46 -40 -45 -36 -46 -43 -51 -50 -44 -47 -48 -42 -45 -56 -56 -53 -51 -55 -51 -50 -52 -50 -47 -49 -45 -48 -47 -50 -37 -50 -38 -51 -51 -48 -52 -51 -51 -51 -51 -46 -50 -54 -41 -46 -52 -52 -49 -51 -51 -61 -56 -53 -52 -52 -54 -56 -50 -48 -46 -42 -42 -43 -44 -45 -41 -49 -44 -47 -50 -42 -44 -42 -46 -51 -57 -51 -51 -51 -50 -51 -48 -48 -44 -31 -14 -10 -5 -9 -6 -7 -16 -19 -24 -7 -22 -19 -25 -22 -20 -17 -22 -25 -24 -26 -31 -31 -26 -30 -33 -41 -30 -35 -36 -36 -35 -45 -34 -42 -46 -40 -44 -39 -41 -38 -46 -50 -52 -51 -46 -45 -58 -55 -50 -47 -51 -47 -31 -30 -36 -27 -31 -36 -40 -41 -38 -38 -43 -41 -38 -42 -48 -44 -37 -43 -54 -48 -46 -50 -53 -52 -54 -49 -51 -52 -47 -57 -52 -51 -50 -52 -42 -42 -35 -42 -35 -31 -44 -33 -39 -37 -39 -42 -44 -44 -44 -42 -41 -35 -43 -42 -39 -39 -40 -45 -43 -44 -38 -40 -38 -42 -48 -43 -42 -37 -46 -43 -40 -45 -43 -43 -40 -37 -41 -41 -43 -39 -40 -38 -38 -44 -39 -42 -33 -35 -40 -42 -45 -40 -33 -43 -41 -45 -42 -49 -39 -41 -44 -40 -38 -49 -46 -46 -54 -44 -46 -49 -52 -48 -41 -42 -40 -38 -35 -36 -30 -37 -36 -37 -39 -39 -34 -32 -33 -32 -38 -26 -32 -32 -41 -33 -32 -34 -31 -30 -44 -38 -36 -40 -43 -39 -41 -44 -43 -32 -41 -37 -44 -38 -39 -46 -43 -36 -33 -42 -38 -43 -41 -40 -38 -44 -48 -42 -37 -43 -39 -30 -29 -35 -43 -39 -40 -46 -44 -47 -47 -44 -52 -51 -43 -47 -33 -23 -33 -26 -25 -33 -27 -27 -37 -34 -26 -38 -32 -26 -28 -26 -30 -23 -19 -14 -28 -22 -33 -26 -24 -24 -21 -26 -24 -29 -16 -36 -40 -45 -40 -37 -34 -31 -37 -38 -37 -45 -33 -30 -28 -36 -32 -37 -29 -39 -40 -35 -35 -39 -40 -31 -32 -34 -32 -26 -30 -31 -32 -36 -31 -37 -34 -36 -36 -39 -49 -51 -44 -47 -40 -43 -37 -40 -40 -44 -50 -54 -46 -43 -40 -26 -1 26 33 41 46 46 36 33 33 29 23 17 12 5 8 -11 -11 -9 -5 -4 -9 -12 -12 -8 -15 -18 -19 -5 -11 -18 -19 -30 -22 -28 -19 -23 -26 -26 -28 -21 -16 -29 -26 -21 -23 -25 -22 -25 -29 -26 -30 -27 -32 -33 -30 -32 -26 -25 -23 -15 -24 -20 -20 -23 -20 -19 -23 -26 -31 -37 -32 -32 -20 -37 -34 -34 -31 -32 -32 -31 -38 -37 -41 -29 -37 -33 -22 -32 -25 -32 -30 -34 -44 -28 -32 -29 -42 -32 -43 -23 -24 -31 -35 -19 -20 -16 -15 -22 -18 -35 -19 -24 -19 -21 -29 -22 -27 -32 -21 -16 -26 -27 -29 -25 -37 -32 -43 -33 -35 -25 -36 -39 -32 -29 -43 -33 -39 -42 -39 -36 -30 -38 -33 -33 -31 -41 -39 -33 -44 -44 -34 -43 -39 -41 -42 -31 -27 -27 -32 -33 -47 -43 -45 -40 -45 -44 -42 -35 -41 -48 -28 -7 0 1 -7 2 6 5 -6 0 -11 -4 -11 -10 -20 -14 -23 -20 -17 -22 -30 -39 -25 -31 -40 -36 -37 -42 -34 -37 -42 -34 -37 -34 -43 -47 -46 -52 -45 -47 -47 -54 -42 -46 -50 -47 -44 -37 -47 -45 -44 -42 -44 -37 -31 -35 -41 -40 -46 -39 -32 -47 -34 -36 -41 -46 -34 -26 -31 -27 -29 -27 -25 -27 -29 -25 -29 -29 -32 -31 -27 -22 -28 -32 -31 -34 -30 -32 -28 -30 -24 -41 -32 -29 -29 -40 -41 -33 -27 -22 -34 -25 -27 -31 -34 -26 -32 -41 -36 -32 -35 -37 -37 -31 -27 -31 -38 -24 -28 -22 -10 -15 -5 -11 -18 -12 -18 -14 -19 -28 -25 -35 -30 -30 -31 -34 -32 -32 -38 -34 -29 -41 -39 -43 -38 -42 -43 -45 -38 -42 -49 -45 -36 -42 -42 -44 -45 -48 -42 -44 -46 -41 -48 -51 -46 -48 -46 -52 -53 -52 -50 -50 -57 -55 -34 -53 -53 -57 -49 -50 -46 -43 -43 -40 -39 -56 -40 -44 -56 -54 -43 -39 -42 -41 -46 -48 -51 -46 -50 -54 -50 -47 -56 -56 -44 -54 -56 -56 -59 -63 -65 -63 -63 -53 -57 -57 -58 -51 -52 -51 -48 -46 -47 -50 -51 -56 -57 -50 -58 -56 -62 -61 -59 -70 -40 -44 -34 1 77 120 149 140 118 117 92 82 62 61 35 41 40 23 12 -1 -12 -17 -23 -11 -35 -26 -38 -41 -45 -52 -52 -53 -57 -58 -53 -62 -58 -64 -62 -68 -67 -71 -56 -60 -61 -60 -46 -50 -49 -46 -50 -58 -61 -53 -54 -58 -51 -58 -57 -55 -59 -57 -53 -53 -53 -61 -66 -57 -56 -56 -58 -67 -58 -47 -58 -64 -49 -53 -49 -40 -47 -37 -46 -41 -53 -45 -40 -54 -50 -52 -56 -65 -66 -49 -56 -55 -58 -54 -53 -48 -48 -59 -59 -49 -48 -47 -45 -52 -52 -50 -57 -48 -56 -50 -47 -46 -47 -46 -47 -55 -44 -47 -47 -48 -39 -51 -48 -51 -47 -46 -45 -38 -47 -52 -47 -42 -50 -62 -56 -52 -58 -54 -54 -55 -43 -61 -53 -61 -51 -50 -44 -51 -44 -41 -48 -48 -43 -44 -43 -43 -47 -39 -43 -38 -37 -43 -45 -49 -46 -45 -45 -30 -40 -42 -47 -39 -38 -41 -46 -41 -35 -42 -40 -38 -44 -49 -47 -46 -57 -56 -62 -54 -59 -63 -58 -61 -54 -47 -46 -32 -18 -20 -16 -13 -12 -14 -16 -15 -11 -15 -14 -17 -26 -11 -17 -18 -14 -17 -17 -16 -8 -21 -13 -8 -27 -24 -24 -19 -21 -22 -25 -23 -19 -21 -31 -18 -31 -29 -24 -27 -24 -26 -24 -18 -24 -27 -18 -27 -26 -24 -19 -26 -14 -28 -38 -30 -27 -41 -32 -26 -28 -30 -32 -35 -32 -32 -34 -28 -8 -5 2 -10 -14 -22 -26 -23 -35 -34 -36 -50 -53 -46 -45 -51 -56 -45 -48 -52 -50 -36 -49 -46 -38 -46 -35 -44 -31 -41 -36 -42 -33 -42 -40 -43 -41 -31 -30 -32 -33 -35 -45 -33 -40 -43 -37 -46 -48 -55 -50 -51 -47 -48 -53 -42 -9 4 13 11 5 -3 -4 -6 -10 -7 -19 -16 -20 -14 -14 -12 -13 -19 -13 -12 -11 -15 -23 -24 -15 -19 -29 -25 -25 -27 -29 -23 -24 -25 -32 -35 -45 -32 -43 -36 -26 -35 -37 -38 -27 -42 -38 -24 -45 -42 -33 -40 -34 -41 -37 -34 -40 -46 -40 -42 -48 -54 -42 -51 -43 -52 -42 -47 