# Created by Octave 4.4.1, Tue Jan 22 09:53:02 2019 GMT <unknown@OWR>
# name: RSpikes_5
# type: matrix
# rows: 1
# columns: 4096
 -22 -32 -38 -30 -31 -28 -33 -27 -32 -33 -26 -29 -31 -28 -40 -30 -36 -41 -35 -25 -38 -28 -42 -33 -34 -36 -32 -33 -31 -30 -26 -26 -37 -35 -32 -29 -38 -30 -40 -38 -34 -25 -29 -28 -33 -27 -27 -34 -28 -31 -25 -33 -31 -28 -38 -37 -23 -32 -28 -23 -33 -46 -32 -34 -37 -30 -33 -34 -40 -27 -30 -35 -22 -33 -41 -32 -39 -40 -31 -36 -32 -34 -35 -33 -42 -38 -34 -28 -27 -34 -32 -30 -44 -41 -36 -27 -37 -39 -40 -42 -47 -42 -47 -44 -47 -42 -37 -40 -26 -40 -35 -39 -32 -36 -37 -35 -32 -41 -41 -39 -35 -42 -33 -36 -36 -33 -31 -37 -35 -32 -30 -17 -44 -37 -28 -36 -33 -46 -42 -34 -30 -41 -39 -37 -33 -35 -35 -27 -29 -35 -39 -31 -39 -41 -38 -39 -29 -36 -41 -35 -28 -28 -22 -32 -32 -34 -31 -30 -42 -35 -27 -28 -45 -41 -38 -40 -41 -39 -37 -32 -29 -36 -34 -29 -34 -38 -33 -30 -26 -21 -22 -23 -16 -22 -29 -20 -28 -31 -41 -21 -22 -13 -18 -31 -36 -23 -22 -34 -32 -35 -30 -34 -29 -36 -34 -40 -34 -35 -33 -31 -32 -33 -34 -28 -27 -30 -33 -24 -29 -23 -31 -32 -36 -41 -30 -32 -38 -37 -34 -33 -41 -30 -37 -41 -31 -32 -32 -23 -21 -28 -18 -20 -22 -22 -25 -16 -25 -24 -24 -27 -27 -16 -25 -30 -29 -29 -29 -30 -22 -32 -35 -51 -36 -36 -35 -49 -46 -43 -27 -32 -33 -36 -34 -40 -35 -42 -49 -42 -38 -32 -38 -36 -39 -35 -36 -35 -30 -25 -28 -28 -36 -34 -30 -26 -26 -31 -32 -30 -31 -30 -26 -32 -31 -35 -32 -24 -30 -20 -20 -31 -26 -22 -21 -22 -27 -18 -28 -20 -19 -20 -11 -20 -15 -15 -18 -21 -18 -27 -31 -32 -40 -37 -27 -25 -25 -12 -1 1 17 8 7 2 2 -6 2 -10 -3 -9 -16 -3 -7 -12 -10 -12 -8 -22 -22 -24 -22 -22 -20 -29 -31 -30 -30 -33 -27 -32 -34 -37 -32 -38 -43 -39 -41 -32 -39 -41 -35 -44 -47 -36 -39 -38 -52 -42 -47 -40 -39 -42 -40 -42 -48 -50 -35 -36 -44 -32 -44 -39 -46 -47 -44 -46 -47 -54 -29 -39 -46 -38 -49 -41 -45 -40 -42 -42 -43 -40 -49 -45 -48 -46 -45 -41 -45 -45 -45 -34 -42 -33 -30 -30 -43 -25 -33 -31 -28 -26 -31 -22 -36 -34 -29 -23 -27 -32 -28 -39 -42 -40 -40 -42 -56 -42 -43 -48 -43 -47 -49 -44 -51 -51 -39 -43 -42 -36 -37 -34 -51 -29 -35 -26 -34 -25 -20 -17 4 25 37 38 27 34 18 10 11 14 3 6 1 -2 -8 -13 -5 -4 -10 -15 -15 -6 -14 -29 -20 -26 -34 -29 -30 -42 -39 -43 -64 -55 -55 -52 -52 -50 -28 23 102 128 126 123 111 90 83 51 41 31 20 13 4 2 -4 -13 -14 -15 -33 -26 -35 -34 -48 -33 -52 -55 -57 -61 -65 -70 -77 -77 -74 -75 -73 -76 -77 -82 -76 -66 -82 -85 -75 -75 -73 -66 -64 -64 -69 -71 -61 -60 -69 -69 -64 -65 -59 -57 -61 -66 -63 -53 -53 -58 -58 -55 -57 -56 -55 -46 -44 -51 -49 -42 -45 -49 -46 -47 -51 -46 -48 -45 -44 -34 -40 -36 -43 -37 -46 -47 -49 -41 -54 -54 -43 -40 -43 -45 -53 -42 -48 -36 -36 -47 -43 -57 -57 -49 -45 -46 -51 -44 -49 -40 -44 -48 -59 -55 -45 -47 -40 -35 -37 -27 -32 -30 -25 -31 -35 -35 -36 -42 -47 -47 -45 -49 -41 -37 -44 -34 -33 -29 -21 -23 -27 -27 -29 -27 -34 -24 -30 -26 -35 -40 -32 -31 -36 -27 -46 -48 -39 -29 -27 -37 -41 -35 -44 -36 -39 -39 -44 -42 -48 -37 -39 -41 -41 -36 -50 -50 -51 -48 -42 -41 -38 -36 -31 -5 20 28 30 26 16 8 18 9 5 4 -8 -7 -4 -13 -18 -18 -13 -32 -29 -24 -39 -28 -41 -39 -50 -48 -62 -55 -58 -62 -56 -54 -51 -54 -60 -56 -61 -46 -45 -52 -53 -41 -50 -48 -44 -44 -48 -47 -47 -45 -44 -45 -42 -41 -45 -39 -37 -49 -33 -44 -57 -59 -45 -40 -45 -44 -40 -48 -57 -37 -40 -43 -43 -39 -40 -38 -39 -44 -39 -53 -52 -44 -43 -43 -41 -40 -36 -40 -43 -48 -47 -43 -35 -34 -43 -45 -43 -47 -42 -44 -51 -45 -43 -44 -50 -45 -41 -47 -48 -51 -43 -42 -53 -41 -46 -50 -56 -43 -43 -42 -41 -39 -34 -41 -41 -40 -32 -39 -44 -38 -45 -33 -34 -38 -39 -33 -42 -38 -37 -43 -35 -32 -37 -34 -34 -33 -36 -42 -29 -39 -47 -37 -41 -41 -39 -37 -39 -38 -33 -36 -31 -25 -41 -39 -43 -33 -45 -45 -34 -24 -33 -39 -33 -36 -32 -35 -21 -26 -30 -34 -34 -36 -39 -42 -43 -44 -50 -43 -45 -46 -39 -44 -47 -37 -40 -43 -39 -48 -45 -45 -43 -46 -46 -43 -47 -43 -41 -48 -49 -38 -49 -39 -39 -43 -44 -47 -38 -39 -47 -46 -48 -42 -41 -49 -36 -45 -46 -49 -50 -56 -50 -47 -46 -53 -49 -48 -43 -41 -41 -52 -45 -42 -39 -40 -37 -39 -36 -40 -34 -33 -36 -34 -35 -34 -40 -38 -39 -33 -39 -35 -44 -30 -40 -43 -42 -43 -40 -22 -18 0 -2 -3 -8 7 -6 1 -5 1 -22 -21 -22 -21 -20 -20 -22 -26 -28 -21 -23 -43 -35 -30 -38 -40 -39 -48 -47 -53 -44 -53 -54 -44 -59 -47 -49 -43 -39 -44 -35 -41 -38 -46 -42 -43 -39 -44 -41 -48 -52 -51 -56 -59 -63 -73 -58 -49 -39 -32 -26 -29 -16 -17 -15 -19 -11 -8 -20 -14 -15 -10 -17 -20 -19 -8 -21 -19 -28 -14 -22 -13 -22 -28 -27 -30 -27 -26 -13 -22 -27 -25 -23 -23 -24 -24 -27 -26 -26 -29 -25 -25 -23 -25 -22 -30 -18 -26 -13 -16 -17 -22 -18 -7 -22 -16 -17 -24 -14 -30 -16 -19 -24 -33 -25 -26 -36 -28 -31 -31 -26 -26 -32 -24 -31 -31 -27 -27 -32 -30 -29 -30 -33 -33 -26 -32 -19 -23 -32 -31 -42 -38 -29 -33 -42 -31 -32 -45 -36 -35 -42 -32 -35 -37 -35 -33 -38 -37 -30 -40 -34 -26 -20 -38 -37 -41 -46 -37 -42 -43 -45 -37 -45 -47 -41 -27 -14 -14 -18 -12 -13 -18 -18 -25 -19 -12 -17 -16 -22 -37 -36 -24 -22 -19 -22 -25 -30 -22 -33 -37 -30 -31 -35 -35 -30 -35 -48 -28 -35 -46 -33 -45 -35 -37 -44 -34 -36 -46 -38 -27 -35 -35 -37 -33 -32 -33 -40 -34 -40 -39 -40 -42 -41 -45 -38 -45 -45 -34 -34 -33 -32 -32 -23 -19 -22 -26 -20 -21 -15 -19 -14 -29 -19 -16 -19 -22 -30 -27 -20 -30 -17 -23 -19 -21 -24 -32 -30 -36 -27 -27 -41 -33 -33 -31 -32 -30 -34 -36 -35 -26 -34 -32 -30 -37 -34 -37 -31 -29 -34 -32 -31 -28 -38 -36 -33 -36 -28 -27 -32 -39 -35 -29 -31 -41 -31 -34 -46 -32 -33 -24 -34 -35 -32 -23 -31 -31 -35 -30 -24 -32 -29 -20 -35 -27 -36 -34 -41 -31 -36 -36 -41 -32 -32 -33 -36 -31 -36 -43 -36 -40 -42 -39 -34 -48 -34 -45 -32 -39 -39 -48 -46 -31 -39 -39 -44 -42 -42 -36 -39 -41 -45 -45 -43 -35 -42 -41 -46 -44 -49 -51 -46 -39 -15 -24 -12 -9 -20 -8 -21 -9 -18 -18 -19 -14 -25 -14 -18 -18 -16 -11 -15 -21 -23 -23 -16 -21 -19 -24 -16 -19 -16 -17 -18 -22 -21 -15 -20 -23 -22 -23 -30 -33 -23 -19 -31 -26 -24 -25 -24 -25 -33 -27 -26 -25 -25 -29 -20 -26 -29 -28 -19 -20 -31 -27 -15 -34 -22 -20 -29 -30 -34 -33 -31 -33 -33 -39 -38 -38 -36 -43 -39 -41 -46 -40 -33 -35 -33 -29 -36 -33 -28 -28 -23 -26 -22 -30 -22 -25 -20 -18 -23 -28 -36 -30 -22 -31 -35 -27 -33 -24 -25 -18 -26 -18 -29 -21 -31 -24 -24 -15 -21 -24 -17 -26 -22 -26 -26 -17 -26 -26 -31 -24 -27 -26 -38 -27 -28 -24 -29 -29 -30 -31 -30 -33 -31 -31 -38 -40 -44 -40 -48 -48 -46 -39 -42 -40 -37 -34 -33 -22 -29 -25 -24 -32 -16 -29 -18 -17 -6 -22 -10 -15 -24 -8 -8 -13 -10 -4 -9 -9 -10 -11 -13 -16 -11 -13 -23 -22 -31 -26 -33 -30 -30 -40 -29 -26 -46 -35 -28 -35 -28 -35 -29 -24 -30 -30 -27 -33 -29 -30 -37 -35 -35 -32 -39 -36 -36 -29 -35 -29 -33 -38 -33 -17 -27 -28 -20 -28 -33 -27 -24 -25 -20 -29 -30 -27 -29 -19 -24 -11 -10 -17 -10 -13 -15 -10 -21 -15 -28 -28 -29 -34 -28 -26 -33 -23 -26 -36 -34 -33 -36 -42 -37 -43 -38 -48 -48 -45 -52 -48 -55 -45 -50 -36 -38 -44 -34 -31 -30 -37 -31 -39 -31 -23 -24 -27 -25 -25 -31 -27 -23 -18 -7 2 -1 -3 15 26 59 91 97 94 93 74 64 61 47 38 32 25 22 9 10 8 0 -5 -13 -15 -14 -20 -31 -29 -27 -31 -31 -38 -41 -44 -52 -49 -47 -55 -43 -50 -46 -43 -48 -46 -45 -34 -54 -48 -39 -44 -43 -49 -46 -55 -45 -46 -56 -52 -62 -48 -53 -47 -52 -47 -47 -45 -32 -39 -37 -42 -37 -34 -37 -34 -38 -46 -39 -36 -43 -33 -44 -40 -31 -30 -36 -47 -43 -30 -32 -33 -24 -39 -35 -33 -32 -32 -40 -41 -35 -29 -41 -36 -37 -21 -35 -31 -32 -40 -35 -38 -33 -35 -34 -35 -23 -24 -27 -20 -24 -21 -27 -17 -4 4 5 0 12 8 5 3 5 -2 0 -10 -6 -9 -8 -10 -10 -13 -10 -21 -21 -15 -18 -24 -24 -20 -27 -26 -45 -39 -36 -37 -32 -41 -44 -39 -40 -36 -30 -32 -29 -41 -31 -34 -29 -34 -29 -38 -24 -25 -26 -29 -25 -34 -22 -21 -24 -33 -23 -22 -27 -29 -27 -17 -11 -14 -21 -19 -19 -12 -18 -22 -22 -18 -21 -26 -20 -23 -20 -20 -31 -35 -25 -28 -24 -33 -33 -29 -36 -32 -34 -35 -35 -25 -12 -29 -28 -30 -25 -23 -22 -37 -19 -29 -11 -19 -2 -16 -24 -16 -12 -14 -8 -16 -25 -19 -20 -11 -15 -17 -13 -25 -17 -11 -9 -15 -18 -14 -23 -18 -23 -20 -18 -25 -21 -26 -26 -21 -20 -31 -30 -22 -29 -27 -31 -28 -25 -31 -44 -39 -30 -33 -38 -34 -43 -35 -36 -49 -40 -32 -39 -38 -38 -49 -38 -36 -41 -39 -34 -41 -41 -40 -37 -45 -46 -42 -34 -37 -39 -38 -33 -43 -41 -38 -49 -34 -50 -34 -44 -45 -32 -38 -37 -37 -33 -37 -26 -26 -21 -22 -10 -19 -19 -17 -15 -22 -14 -12 -12 -20 -14 -5 -3 -5 -12 -6 -4 -2 -11 -16 -4 -6 -18 -13 -13 -20 -19 -25 