# Created by Octave 4.4.1, Tue Jan 22 09:53:02 2019 GMT <unknown@OWR>
# name: RSpikes_2
# type: matrix
# rows: 1
# columns: 4096
 -36 -35 -32 -27 -32 -30 -36 -34 -36 -23 -43 -46 -34 -41 -38 -55 -40 -42 -36 -36 -34 -37 -38 -41 -42 -35 -45 -36 -49 -45 -33 -41 -40 -45 -44 -45 -39 -39 -44 -45 -31 -30 -17 -2 -11 -3 -6 -10 -7 -18 -25 -13 -19 -25 -30 -24 -26 -27 -42 -26 -32 -39 -39 -35 -38 -32 -39 -47 -50 -38 -44 -40 -43 -39 -34 -34 -35 -33 -21 -15 -17 9 8 16 10 7 -2 -10 2 -3 -3 -11 -13 -19 -16 -18 -17 -25 -28 -34 -37 -30 -30 -38 -25 -26 -38 -34 -34 -33 -24 -43 -38 -33 -35 -30 -33 -43 -36 -46 -43 -41 -43 -49 -40 -44 -39 -43 -38 -44 -46 -44 -45 -45 -41 -44 -52 -48 -49 -41 -52 -48 -50 -48 -56 -45 -48 -50 -58 -56 -60 -67 -64 -68 -72 -80 -97 -79 -73 -54 -48 -37 -23 -19 -7 -12 -5 -7 -8 -10 -3 -2 -5 -6 -7 -17 -11 -11 -5 -3 -7 -7 -20 -10 -16 -12 -9 -18 -20 -11 -10 -18 -16 -22 -17 -11 -13 -19 -17 -27 -19 -26 -32 -28 -40 -29 -34 -37 -35 -32 -21 -23 -32 -36 -33 -29 -34 -31 -27 -34 -35 -27 -37 -31 -44 -28 -31 -32 -36 -25 -39 -33 -29 -35 -39 -32 -34 -36 -30 -41 -45 -46 -38 -41 -31 -50 -44 -39 -49 -52 -48 -55 -45 -47 -45 -31 -32 -28 -32 -29 -34 -28 -28 -28 -21 -15 -17 -16 2 -7 0 -5 5 1 -4 -14 -10 -16 -21 -8 -26 -21 -18 -19 -16 -21 -19 -18 -18 -20 -21 -41 -32 -35 -40 -42 -40 -49 -44 -63 -53 -48 -51 -42 -49 -35 -38 -24 -30 -37 -18 -17 -21 -18 -12 -24 -25 -26 -15 -25 -24 -24 -21 -15 -19 -21 -27 -28 -29 -25 -25 -25 -26 -30 -24 -24 -25 -32 -29 -27 -27 -35 -28 -28 -40 -29 -36 -28 -34 -33 -37 -36 -26 -31 -44 -34 -41 -38 -33 -32 -36 -36 -30 -38 -34 -42 -26 -19 -37 -40 -27 -35 -40 -29 -37 -39 -33 -45 -32 -47 -47 -36 -40 -42 -39 -38 -36 -36 -35 -34 -31 -31 -36 -36 -22 -38 -40 -33 -25 -38 -26 -25 -26 -14 -26 -19 -31 -31 -19 -27 -30 -21 -16 -12 -25 -26 -24 -15 -14 -24 -23 -20 -22 -19 -24 -20 -17 -30 -19 -19 -10 -21 -7 -15 -14 -17 -12 -2 17 24 29 33 28 20 21 8 6 7 -7 -3 -8 -12 -15 -26 -25 -26 -12 -1 1 -4 -4 -11 -28 -27 -35 -39 -44 -41 -49 -52 -57 -58 -50 -59 -53 -55 -52 -50 -53 -50 -54 -53 -58 -70 -62 -60 -58 -57 -60 -52 -64 -48 -46 -35 -45 -38 -34 -36 -35 -44 -28 -28 -24 -32 -35 -29 -28 -18 -27 -19 -28 -25 -20 -19 -13 -21 -7 -23 -11 -11 -19 -16 -16 -13 -15 -18 -23 -16 -29 -17 -24 -22 -21 -26 -27 -24 -29 -32 -19 -29 -25 -28 -28 -30 -20 -33 -29 -25 -30 -29 -25 -33 -25 -31 -29 -32 -26 -39 -37 -28 -35 -35 -25 -34 -33 -22 -29 -37 -34 -36 -30 -33 -35 -34 -25 -32 -28 -31 -30 -31 -21 -33 -23 -21 -36 -30 -34 -35 -34 -41 -33 -31 -42 -35 -34 -32 -34 -27 -35 -39 -37 -40 -35 -34 -35 -39 -38 -38 -43 -30 -40 -36 -34 -34 -36 -38 -40 -40 -33 -33 -26 -29 -23 -26 -21 -21 -34 -21 -29 -34 -22 -30 -22 -31 -28 -33 -28 -32 -29 -30 -32 -37 -37 -33 -45 -33 -42 -40 -43 -41 -38 -43 -40 -39 -45 -40 -40 -48 -53 -48 -45 -57 -53 -54 -53 -55 -48 -52 -53 -56 -46 -48 -59 -56 -48 -39 -37 -37 -31 -32 -30 -35 -32 -32 -29 -29 -38 -33 -34 -28 -39 -25 -22 -33 -25 -25 -29 -27 -22 -27 -29 -28 -17 -29 -23 -34 -30 -34 -27 -21 -31 -29 -28 -26 -26 -25 -33 -32 -32 -27 -32 -34 -44 -31 -33 -40 -40 -45 -37 -38 -44 -35 -42 -41 -31 -38 -36 -41 -44 -33 -42 -47 -39 -51 -53 -44 -43 -46 -44 -41 -41 -44 -31 -44 -31 -37 -40 -35 -35 -42 -37 -26 -32 -39 -35 -47 -25 -33 -44 -27 -32 -33 -31 -29 -34 -31 -32 -26 -27 -34 -39 -34 -41 -29 -23 -39 -41 -35 -35 -32 -34 -34 -40 -45 -31 -47 -46 -43 -51 -39 -42 -27 -40 -29 -32 -26 -32 -34 -36 -29 -31 -18 -26 -24 -21 -26 -25 -24 -25 -26 -30 -35 -27 -25 -29 -22 -31 -37 -34 -27 -35 -32 -25 -37 -36 -40 -30 -37 -34 -35 -37 -37 -32 -42 -45 -38 -52 -39 -28 -32 -36 -38 -47 -39 -35 -33 -35 -27 -31 -30 -22 -28 -27 -34 -23 -27 -32 -33 -36 -24 -28 -28 -28 -23 -27 -26 -24 -34 -27 -31 -22 -28 -33 -29 -24 -30 -25 -25 -39 -31 -37 -32 -30 -32 -35 -35 -33 -34 -29 -30 -28 -45 -30 -28 -24 -28 -29 -34 -23 -35 -30 -32 -20 -31 -28 -24 -23 -30 -27 -28 -28 -35 -30 -28 -26 -36 -15 -25 -28 -36 -27 -25 -29 -30 -41 -33 -35 -28 -36 -33 -32 -30 -33 -32 -23 -33 -33 -35 -30 -40 -37 -38 -48 -45 -34 -34 -46 -40 -48 -48 -46 -50 -47 -40 -34 -32 -28 -25 -27 -26 -27 -21 -20 -21 -24 -25 -11 -26 -24 -22 -16 -14 -4 -19 -29 -22 -22 -17 -19 -22 -18 -20 -22 -14 -17 -32 -17 -30 -19 -26 -27 -35 -31 -27 -33 -13 -32 -38 -31 -42 -41 -46 -27 -34 -36 -36 -23 -24 -32 -24 -29 -27 -27 -21 -33 -23 -30 -22 -24 -30 -27 -25 -35 -23 -36 0 -4 8 -2 -7 -7 -5 -17 -20 -28 -41 -37 -54 -49 -49 -47 -56 -51 -52 -39 -30 -35 -28 -30 -22 -18 -29 -25 -25 -17 -20 -13 -22 -13 -12 -16 -23 -16 -19 -22 -19 -21 -9 -20 -12 -24 -17 -23 -21 -20 -30 -16 -24 -11 -18 -24 -22 -21 -22 -24 -23 -29 -29 -28 -31 -20 -25 -24 -26 -22 -18 -23 -17 -23 -27 -26 -8 -24 -31 -28 -13 -20 -20 -20 -9 -18 -20 -21 -15 -26 -24 -20 -13 -28 -26 -33 -30 -19 -37 -34 -29 -29 -33 -36 -26 -32 -30 -29 -35 -32 -30 -29 -28 -29 -35 -28 -28 -28 -30 -29 -30 -27 -27 -30 -29 -29 -32 -30 -39 -30 -27 -28 -35 -30 -34 -28 -23 -33 -26 -29 -22 -23 -19 -24 -25 -28 -18 -26 -20 -14 -30 -30 -31 -27 -25 -16 -26 -26 -31 -33 -30 -32 -38 -31 -23 -28 -35 -34 -34 -39 -30 -24 -32 -31 -43 -28 -20 -28 -26 -19 -29 -39 -29 -38 -35 -38 -42 -42 -40 -44 -46 -51 -42 -42 -36 -36 -35 -42 -38 -34 -39 -32 -29 -33 -33 -33 -32 -38 -29 -34 -31 -30 -30 -24 -23 -40 -32 -30 -31 -32 -48 -42 -34 -35 -42 -42 -47 -32 -38 -41 -30 -26 -40 -39 -31 -49 -43 -34 -36 -36 -39 -40 -48 -45 -38 -46 -46 -47 -48 -48 -40 -45 -43 -43 -45 -42 -39 -47 -42 -32 -51 -40 -44 -38 -48 -46 -33 -46 -37 -45 -37 -42 -49 -38 -39 -29 -38 -46 -39 -49 -32 -34 -25 -30 -25 -37 -22 -20 -30 -29 -30 -25 -33 -31 -32 -30 -33 -30 -41 -38 -40 -54 -44 -51 -58 -60 -64 -77 -69 -68 -64 -63 -61 -54 -49 -46 -50 -32 -47 -41 -45 -44 -37 -43 -32 -36 -32 -25 -30 -28 -27 -32 -24 -26 -22 -16 -12 -22 -21 -18 -23 -16 -18 -26 -21 -27 -13 -21 -20 -15 -21 -20 -24 -22 -23 -28 -34 -20 -23 -17 -18 -24 -28 -22 -24 -29 -28 -24 -25 -26 -29 -18 -23 -23 -25 -26 -27 -27 -31 -24 -34 -31 -25 -36 -33 -33 -29 -32 -25 -39 -23 -29 -24 -22 -31 -34 -26 -30 -26 -28 -32 -29 -30 -37 -21 -33 -34 -26 -23 -42 -33 -34 -22 -31 -35 -34 -31 -39 -44 -31 -30 -30 -30 -32 -37 -37 -32 -29 -25 -13 -21 -6 -3 1 -6 -5 -9 -16 -14 -18 -21 -32 -30 -30 -26 -27 -47 -40 -32 -30 -34 -26 -31 -25 -18 -31 -37 -32 -38 -37 -38 -33 -33 -24 -40 -27 -33 -28 -30 -34 -42 -44 -36 -36 -39 -40 -36 -22 -12 3 -9 3 2 -5 -1 -13 -15 -5 -12 -12 -15 -9 -27 -9 -20 -22 -25 -27 -31 -27 -35 -31 -32 -34 -36 -33 -34 -35 -41 -29 -29 -29 -38 -29 -18 -29 -29 -26 -20 -27 -34 -40 -31 -32 -33 -38 -36 -35 -39 -41 -46 -42 -43 -43 -34 -50 -41 -44 -39 -37 -45 -46 -45 -45 -27 -27 -21 -20 -19 -16 -16 -20 -31 -23 -20 -19 -29 -30 -10 -23 -32 -32 -13 -22 -18 -21 -24 -25 -27 -32 -24 -25 -20 -27 -29 -36 -29 -38 -36 -21 -33 -24 -22 -23 -28 -19 -20 -28 -22 -25 -7 -19 -21 -21 -21 -30 -8 -26 -13 -20 -20 -24 -23 -30 -13 -22 -22 -30 -28 -29 -22 -24 -21 -28 -13 -25 -29 -25 -26 -25 -28 -32 -24 -33 -26 -22 -26 -29 -21 -16 -10 -16 -20 -25 -14 -28 -26 -26 -12 -33 -37 -32 -36 -38 -43 -39 -33 -34 -39 -31 -31 -32 -26 -44 -30 -29 -32 -29 -31 -33 -27 -32 -27 -36 -24 -39 -27 -28 -29 -30 -25 -24 -19 -29 -24 -29 -34 -31 -36 -34 -31 -30 -25 -30 -31 -32 -41 -40 -30 -25 -26 -32 -29 -35 -30 -30 -28 -26 -26 -26 -37 -27 -28 -32 -25 -31 -37 -27 -25 -37 -31 -31 -27 -33 -35 -35 -51 -31 -26 -38 -36 -32 -30 -29 -36 -26 -33 -29 -34 -31 -26 -38 -30 -27 -20 -30 -24 -35 -32 -30 -24 -32 -29 -26 -24 -34 -22 -30 -28 -28 -28 -28 -29 -37 -31 -24 -35 -25 -44 -41 -30 -40 -32 -25 -31 -34 -35 -43 -45 -38 -42 -42 -35 -37 -38 -35 -38 -35 -42 -44 -39 -41 -46 -38 -32 -30 -41 -37 -46 -33 -29 -41 -40 -32 -41 -36 -30 -33 -39 -36 -34 -40 -40 -30 -14 3 1 -11 -3 -10 -11 -20 -24 -22 -26 -36 -40 -41 -33 -34 -42 -40 -45 -46 -46 -40 -37 -35 -39 -37 -42 -40 -34 -38 -32 -36 -27 -48 -37 -41 -46 -41 -43 -46 -38 -47 -38 -46 -42 -49 -43 -38 -36 -50 -36 -38 -38 -37 -33 -36 -38 -37 -39 -47 -43 -45 -52 -48 -53 -44 -41 -49 -38 -47 -52 -43 -46 -40 -34 -38 -37 -47 -48 -39 -38 -41 -43 -35 -44 -33 -40 -38 -36 -39 -39 -41 -38 -44 -37 -41 -45 -48 -42 -51 -49 -56 -55 -59 -56 -56 -56 -58 -46 -50 -55 -48 -43 -44 -45 -46 -48 -42 -42 -48 -38 -47 -44 -48 -46 -36 -40 -33 -30 -34 -27 -23 -22 -29 -23 -20 -26 -22 -22 -23 -27 -26 -27 -22 -24 -32 -33 -22 -27 -25 -29 -29 -27 